ln (n2d)	EA	ln ( |Seebeck| )	Independent Variable	Linear Fit of EA	Independent Variable	Linear Fit of ln ( |Seebeck| )
	meV			meV		
ln (n2d)	EA	ln ( |Seebeck| )	Fit Curve of EA	Fit Curve of EA	Fit Curve of ln ( |Seebeck| )	Fit Curve of ln ( |Seebeck| )
29.5361557723586	25.8	5.54145568356141	28.25	155.759658290867	28.25	5.76626950386502
29.4230409679207	32.6	5.56545100866168	28.2515015015015	155.597976210036	28.2515015015015	5.76601346534922
29.2954797422827	39.58	5.59125560114552	28.253003003003	155.436294129204	28.253003003003	5.76575742683342
29.1492342419626	52.99	5.61640375747815	28.2545045045045	155.274612048373	28.2545045045045	5.76550138831763
28.9778759899659	67.5	5.64577546556701	28.256006006006	155.112929967541	28.256006006006	5.76524534980183
28.7709552741586	98.19	5.6769798041252	28.2575075075075	154.951247886709	28.2575075075075	5.76498931128603
28.5097397748949	137	5.71835905160821	28.259009009009	154.789565805878	28.259009009009	5.76473327277023
--	--	--	28.2605105105105	154.627883725046	28.2605105105105	5.76447723425443
--	--	--	28.262012012012	154.466201644215	28.262012012012	5.76422119573864
--	--	--	28.2635135135135	154.304519563383	28.2635135135135	5.76396515722284
--	--	--	28.265015015015	154.142837482551	28.265015015015	5.76370911870704
--	--	--	28.2665165165165	153.98115540172	28.2665165165165	5.76345308019124
--	--	--	28.268018018018	153.819473320888	28.268018018018	5.76319704167545
--	--	--	28.2695195195195	153.657791240057	28.2695195195195	5.76294100315965
--	--	--	28.271021021021	153.496109159225	28.271021021021	5.76268496464385
--	--	--	28.2725225225225	153.334427078394	28.2725225225225	5.76242892612806
--	--	--	28.274024024024	153.172744997562	28.274024024024	5.76217288761226
--	--	--	28.2755255255255	153.01106291673	28.2755255255255	5.76191684909646
--	--	--	28.277027027027	152.849380835899	28.277027027027	5.76166081058066
--	--	--	28.2785285285285	152.687698755067	28.2785285285285	5.76140477206487
--	--	--	28.28003003003	152.526016674236	28.28003003003	5.76114873354907
--	--	--	28.2815315315315	152.364334593404	28.2815315315315	5.76089269503327
--	--	--	28.283033033033	152.202652512573	28.283033033033	5.76063665651747
--	--	--	28.2845345345345	152.040970431741	28.2845345345345	5.76038061800168
--	--	--	28.286036036036	151.87928835091	28.286036036036	5.76012457948588
--	--	--	28.2875375375375	151.717606270078	28.2875375375375	5.75986854097008
--	--	--	28.289039039039	151.555924189246	28.289039039039	5.75961250245428
--	--	--	28.2905405405405	151.394242108415	28.2905405405405	5.75935646393849
--	--	--	28.292042042042	151.232560027583	28.292042042042	5.75910042542269
--	--	--	28.2935435435435	151.070877946752	28.2935435435435	5.75884438690689
--	--	--	28.295045045045	150.90919586592	28.295045045045	5.75858834839109
--	--	--	28.2965465465465	150.747513785088	28.2965465465465	5.7583323098753
			28.298048048048	150.585831704257	28.298048048048	5.7580762713595
			28.2995495495496	150.424149623425	28.2995495495496	5.7578202328437
			28.3010510510511	150.262467542594	28.3010510510511	5.7575641943279
			28.3025525525526	150.100785461762	28.3025525525526	5.75730815581211
			28.3040540540541	149.939103380931	28.3040540540541	5.75705211729631
			28.3055555555556	149.777421300099	28.3055555555556	5.75679607878051
			28.3070570570571	149.615739219267	28.3070570570571	5.75654004026471
			28.3085585585586	149.454057138436	28.3085585585586	5.75628400174892
			28.3100600600601	149.292375057604	28.3100600600601	5.75602796323312
			28.3115615615616	149.130692976773	28.3115615615616	5.75577192471732
			28.3130630630631	148.969010895941	28.3130630630631	5.75551588620152
			28.3145645645646	148.80732881511	28.3145645645646	5.75525984768573
			28.3160660660661	148.645646734278	28.3160660660661	5.75500380916993
			28.3175675675676	148.483964653446	28.3175675675676	5.75474777065413
			28.3190690690691	148.322282572615	28.3190690690691	5.75449173213833
			28.3205705705706	148.160600491784	28.3205705705706	5.75423569362254
			28.3220720720721	147.998918410952	28.3220720720721	5.75397965510674
			28.3235735735736	147.83723633012	28.3235735735736	5.75372361659094
			28.3250750750751	147.675554249288	28.3250750750751	5.75346757807514
			28.3265765765766	147.513872168457	28.3265765765766	5.75321153955935
			28.3280780780781	147.352190087625	28.3280780780781	5.75295550104355
			28.3295795795796	147.190508006794	28.3295795795796	5.75269946252775
			28.3310810810811	147.028825925962	28.3310810810811	5.75244342401195
			28.3325825825826	146.867143845131	28.3325825825826	5.75218738549616
			28.3340840840841	146.705461764299	28.3340840840841	5.75193134698036
			28.3355855855856	146.543779683467	28.3355855855856	5.75167530846456
			28.3370870870871	146.382097602636	28.3370870870871	5.75141926994877
			28.3385885885886	146.220415521804	28.3385885885886	5.75116323143297
			28.3400900900901	146.058733440973	28.3400900900901	5.75090719291717
			28.3415915915916	145.897051360141	28.3415915915916	5.75065115440137
			28.3430930930931	145.73536927931	28.3430930930931	5.75039511588558
			28.3445945945946	145.573687198478	28.3445945945946	5.75013907736978
			28.3460960960961	145.412005117646	28.3460960960961	5.74988303885398
			28.3475975975976	145.250323036815	28.3475975975976	5.74962700033818
			28.3490990990991	145.088640955983	28.3490990990991	5.74937096182239
			28.3506006006006	144.926958875152	28.3506006006006	5.74911492330659
			28.3521021021021	144.76527679432	28.3521021021021	5.74885888479079
			28.3536036036036	144.603594713489	28.3536036036036	5.74860284627499
			28.3551051051051	144.441912632657	28.3551051051051	5.7483468077592
			28.3566066066066	144.280230551825	28.3566066066066	5.7480907692434
			28.3581081081081	144.118548470994	28.3581081081081	5.7478347307276
			28.3596096096096	143.956866390162	28.3596096096096	5.7475786922118
			28.3611111111111	143.795184309331	28.3611111111111	5.74732265369601
			28.3626126126126	143.633502228499	28.3626126126126	5.74706661518021
			28.3641141141141	143.471820147668	28.3641141141141	5.74681057666441
			28.3656156156156	143.310138066836	28.3656156156156	5.74655453814861
			28.3671171171171	143.148455986005	28.3671171171171	5.74629849963282
			28.3686186186186	142.986773905173	28.3686186186186	5.74604246111702
			28.3701201201201	142.825091824342	28.3701201201201	5.74578642260122
			28.3716216216216	142.66340974351	28.3716216216216	5.74553038408542
			28.3731231231231	142.501727662678	28.3731231231231	5.74527434556963
			28.3746246246246	142.340045581847	28.3746246246246	5.74501830705383
			28.3761261261261	142.178363501015	28.3761261261261	5.74476226853803
			28.3776276276276	142.016681420183	28.3776276276276	5.74450623002223
			28.3791291291291	141.854999339352	28.3791291291291	5.74425019150644
			28.3806306306306	141.69331725852	28.3806306306306	5.74399415299064
			28.3821321321321	141.531635177689	28.3821321321321	5.74373811447484
			28.3836336336336	141.369953096857	28.3836336336336	5.74348207595904
			28.3851351351351	141.208271016025	28.3851351351351	5.74322603744325
			28.3866366366366	141.046588935194	28.3866366366366	5.74296999892745
			28.3881381381381	140.884906854362	28.3881381381381	5.74271396041165
			28.3896396396396	140.723224773531	28.3896396396396	5.74245792189585
			28.3911411411411	140.561542692699	28.3911411411411	5.74220188338006
			28.3926426426426	140.399860611868	28.3926426426426	5.74194584486426
			28.3941441441441	140.238178531036	28.3941441441441	5.74168980634846
			28.3956456456456	140.076496450205	28.3956456456456	5.74143376783266
			28.3971471471471	139.914814369373	28.3971471471471	5.74117772931687
			28.3986486486486	139.753132288542	28.3986486486486	5.74092169080107
			28.4001501501502	139.59145020771	28.4001501501502	5.74066565228527
			28.4016516516517	139.429768126879	28.4016516516517	5.74040961376947
			28.4031531531532	139.268086046047	28.4031531531532	5.74015357525368
			28.4046546546547	139.106403965216	28.4046546546547	5.73989753673788
			28.4061561561562	138.944721884383	28.4061561561562	5.73964149822208
			28.4076576576577	138.783039803552	28.4076576576577	5.73938545970628
			28.4091591591592	138.62135772272	28.4091591591592	5.73912942119049
			28.4106606606607	138.459675641889	28.4106606606607	5.73887338267469
			28.4121621621622	138.297993561057	28.4121621621622	5.73861734415889
			28.4136636636637	138.136311480226	28.4136636636637	5.7383613056431
			28.4151651651652	137.974629399394	28.4151651651652	5.7381052671273
			28.4166666666667	137.812947318563	28.4166666666667	5.7378492286115
			28.4181681681682	137.651265237731	28.4181681681682	5.7375931900957
			28.4196696696697	137.4895831569	28.4196696696697	5.7373371515799
			28.4211711711712	137.327901076068	28.4211711711712	5.73708111306411
			28.4226726726727	137.166218995236	28.4226726726727	5.73682507454831
			28.4241741741742	137.004536914405	28.4241741741742	5.73656903603251
			28.4256756756757	136.842854833573	28.4256756756757	5.73631299751671
			28.4271771771772	136.681172752742	28.4271771771772	5.73605695900092
			28.4286786786787	136.51949067191	28.4286786786787	5.73580092048512
			28.4301801801802	136.357808591079	28.4301801801802	5.73554488196932
			28.4316816816817	136.196126510247	28.4316816816817	5.73528884345353
			28.4331831831832	136.034444429416	28.4331831831832	5.73503280493773
			28.4346846846847	135.872762348584	28.4346846846847	5.73477676642193
			28.4361861861862	135.711080267752	28.4361861861862	5.73452072790613
			28.4376876876877	135.54939818692	28.4376876876877	5.73426468939033
			28.4391891891892	135.387716106089	28.4391891891892	5.73400865087454
			28.4406906906907	135.226034025257	28.4406906906907	5.73375261235874
			28.4421921921922	135.064351944426	28.4421921921922	5.73349657384294
			28.4436936936937	134.902669863594	28.4436936936937	5.73324053532715
			28.4451951951952	134.740987782763	28.4451951951952	5.73298449681135
			28.4466966966967	134.579305701931	28.4466966966967	5.73272845829555
			28.4481981981982	134.4176236211	28.4481981981982	5.73247241977975
			28.4496996996997	134.255941540268	28.4496996996997	5.73221638126396
			28.4512012012012	134.094259459437	28.4512012012012	5.73196034274816
			28.4527027027027	133.932577378605	28.4527027027027	5.73170430423236
			28.4542042042042	133.770895297774	28.4542042042042	5.73144826571656
			28.4557057057057	133.609213216942	28.4557057057057	5.73119222720077
			28.4572072072072	133.44753113611	28.4572072072072	5.73093618868497
			28.4587087087087	133.285849055279	28.4587087087087	5.73068015016917
			28.4602102102102	133.124166974447	28.4602102102102	5.73042411165337
			28.4617117117117	132.962484893616	28.4617117117117	5.73016807313758
			28.4632132132132	132.800802812784	28.4632132132132	5.72991203462178
			28.4647147147147	132.639120731953	28.4647147147147	5.72965599610598
			28.4662162162162	132.477438651121	28.4662162162162	5.72939995759018
			28.4677177177177	132.315756570289	28.4677177177177	5.72914391907439
			28.4692192192192	132.154074489457	28.4692192192192	5.72888788055859
			28.4707207207207	131.992392408626	28.4707207207207	5.72863184204279
			28.4722222222222	131.830710327794	28.4722222222222	5.72837580352699
			28.4737237237237	131.669028246963	28.4737237237237	5.7281197650112
			28.4752252252252	131.507346166131	28.4752252252252	5.7278637264954
			28.4767267267267	131.3456640853	28.4767267267267	5.7276076879796
			28.4782282282282	131.183982004468	28.4782282282282	5.7273516494638
			28.4797297297297	131.022299923637	28.4797297297297	5.72709561094801
			28.4812312312312	130.860617842805	28.4812312312312	5.72683957243221
			28.4827327327327	130.698935761974	28.4827327327327	5.72658353391641
			28.4842342342342	130.537253681142	28.4842342342342	5.72632749540061
			28.4857357357357	130.37557160031	28.4857357357357	5.72607145688482
			28.4872372372372	130.213889519478	28.4872372372372	5.72581541836902
			28.4887387387387	130.052207438647	28.4887387387387	5.72555937985322
			28.4902402402402	129.890525357815	28.4902402402402	5.72530334133742
			28.4917417417417	129.728843276984	28.4917417417417	5.72504730282163
			28.4932432432432	129.567161196152	28.4932432432432	5.72479126430583
			28.4947447447447	129.405479115321	28.4947447447447	5.72453522579003
			28.4962462462462	129.243797034489	28.4962462462462	5.72427918727423
			28.4977477477477	129.082114953658	28.4977477477477	5.72402314875844
			28.4992492492493	128.920432872826	28.4992492492493	5.72376711024264
			28.5007507507508	128.758750791995	28.5007507507508	5.72351107172684
			28.5022522522523	128.597068711163	28.5022522522523	5.72325503321104
			28.5037537537538	128.435386630332	28.5037537537538	5.72299899469525
			28.5052552552553	128.2737045495	28.5052552552553	5.72274295617945
			28.5067567567568	128.112022468668	28.5067567567568	5.72248691766365
			28.5082582582583	127.950340387837	28.5082582582583	5.72223087914785
			28.5097597597598	127.788658307005	28.5097597597598	5.72197484063206
			28.5112612612613	127.626976226174	28.5112612612613	5.72171880211626
			28.5127627627628	127.465294145342	28.5127627627628	5.72146276360046
			28.5142642642643	127.303612064511	28.5142642642643	5.72120672508466
			28.5157657657658	127.141929983679	28.5157657657658	5.72095068656887
			28.5172672672673	126.980247902847	28.5172672672673	5.72069464805307
			28.5187687687688	126.818565822015	28.5187687687688	5.72043860953727
			28.5202702702703	126.656883741184	28.5202702702703	5.72018257102147
			28.5217717717718	126.495201660352	28.5217717717718	5.71992653250568
			28.5232732732733	126.333519579521	28.5232732732733	5.71967049398988
			28.5247747747748	126.171837498689	28.5247747747748	5.71941445547408
			28.5262762762763	126.010155417858	28.5262762762763	5.71915841695829
			28.5277777777778	125.848473337026	28.5277777777778	5.71890237844249
			28.5292792792793	125.686791256195	28.5292792792793	5.71864633992669
			28.5307807807808	125.525109175363	28.5307807807808	5.71839030141089
			28.5322822822823	125.363427094532	28.5322822822823	5.7181342628951
			28.5337837837838	125.2017450137	28.5337837837838	5.7178782243793
			28.5352852852853	125.040062932868	28.5352852852853	5.7176221858635
			28.5367867867868	124.878380852037	28.5367867867868	5.7173661473477
			28.5382882882883	124.716698771205	28.5382882882883	5.71711010883191
			28.5397897897898	124.555016690374	28.5397897897898	5.71685407031611
			28.5412912912913	124.393334609542	28.5412912912913	5.71659803180031
			28.5427927927928	124.231652528711	28.5427927927928	5.71634199328451
			28.5442942942943	124.069970447879	28.5442942942943	5.71608595476872
			28.5457957957958	123.908288367047	28.5457957957958	5.71582991625292
			28.5472972972973	123.746606286216	28.5472972972973	5.71557387773712
			28.5487987987988	123.584924205384	28.5487987987988	5.71531783922132
			28.5503003003003	123.423242124553	28.5503003003003	5.71506180070553
			28.5518018018018	123.261560043721	28.5518018018018	5.71480576218973
			28.5533033033033	123.09987796289	28.5533033033033	5.71454972367393
			28.5548048048048	122.938195882058	28.5548048048048	5.71429368515813
			28.5563063063063	122.776513801226	28.5563063063063	5.71403764664234
			28.5578078078078	122.614831720395	28.5578078078078	5.71378160812654
			28.5593093093093	122.453149639563	28.5593093093093	5.71352556961074
			28.5608108108108	122.291467558732	28.5608108108108	5.71326953109494
			28.5623123123123	122.1297854779	28.5623123123123	5.71301349257915
			28.5638138138138	121.968103397069	28.5638138138138	5.71275745406335
			28.5653153153153	121.806421316237	28.5653153153153	5.71250141554755
			28.5668168168168	121.644739235405	28.5668168168168	5.71224537703175
			28.5683183183183	121.483057154574	28.5683183183183	5.71198933851596
			28.5698198198198	121.321375073742	28.5698198198198	5.71173330000016
			28.5713213213213	121.159692992911	28.5713213213213	5.71147726148436
			28.5728228228228	120.998010912079	28.5728228228228	5.71122122296856
			28.5743243243243	120.836328831248	28.5743243243243	5.71096518445277
			28.5758258258258	120.674646750416	28.5758258258258	5.71070914593697
			28.5773273273273	120.512964669584	28.5773273273273	5.71045310742117
			28.5788288288288	120.351282588753	28.5788288288288	5.71019706890537
			28.5803303303303	120.189600507921	28.5803303303303	5.70994103038958
			28.5818318318318	120.02791842709	28.5818318318318	5.70968499187378
			28.5833333333333	119.866236346258	28.5833333333333	5.70942895335798
			28.5848348348348	119.704554265427	28.5848348348348	5.70917291484218
			28.5863363363363	119.542872184595	28.5863363363363	5.70891687632639
			28.5878378378378	119.381190103763	28.5878378378378	5.70866083781059
			28.5893393393393	119.219508022932	28.5893393393393	5.70840479929479
			28.5908408408408	119.0578259421	28.5908408408408	5.70814876077899
			28.5923423423423	118.896143861269	28.5923423423423	5.7078927222632
			28.5938438438438	118.734461780437	28.5938438438438	5.7076366837474
			28.5953453453453	118.572779699605	28.5953453453453	5.7073806452316
			28.5968468468468	118.411097618774	28.5968468468468	5.7071246067158
			28.5983483483483	118.249415537942	28.5983483483483	5.70686856820001
			28.5998498498499	118.087733457111	28.5998498498499	5.70661252968421
			28.6013513513514	117.926051376279	28.6013513513514	5.70635649116841
			28.6028528528529	117.764369295448	28.6028528528529	5.70610045265262
			28.6043543543544	117.602687214616	28.6043543543544	5.70584441413682
			28.6058558558559	117.441005133785	28.6058558558559	5.70558837562102
			28.6073573573574	117.279323052953	28.6073573573574	5.70533233710522
			28.6088588588589	117.117640972122	28.6088588588589	5.70507629858943
			28.6103603603604	116.95595889129	28.6103603603604	5.70482026007363
			28.6118618618619	116.794276810458	28.6118618618619	5.70456422155783
			28.6133633633634	116.632594729627	28.6133633633634	5.70430818304203
			28.6148648648649	116.470912648795	28.6148648648649	5.70405214452624
			28.6163663663664	116.309230567963	28.6163663663664	5.70379610601044
			28.6178678678679	116.147548487132	28.6178678678679	5.70354006749464
			28.6193693693694	115.9858664063	28.6193693693694	5.70328402897884
			28.6208708708709	115.824184325469	28.6208708708709	5.70302799046305
			28.6223723723724	115.662502244637	28.6223723723724	5.70277195194725
			28.6238738738739	115.500820163806	28.6238738738739	5.70251591343145
			28.6253753753754	115.339138082974	28.6253753753754	5.70225987491565
			28.6268768768769	115.177456002142	28.6268768768769	5.70200383639986
			28.6283783783784	115.015773921311	28.6283783783784	5.70174779788406
			28.6298798798799	114.854091840479	28.6298798798799	5.70149175936826
			28.6313813813814	114.692409759648	28.6313813813814	5.70123572085246
			28.6328828828829	114.530727678816	28.6328828828829	5.70097968233667
			28.6343843843844	114.369045597985	28.6343843843844	5.70072364382087
			28.6358858858859	114.207363517153	28.6358858858859	5.70046760530507
			28.6373873873874	114.045681436322	28.6373873873874	5.70021156678927
			28.6388888888889	113.88399935549	28.6388888888889	5.69995552827348
			28.6403903903904	113.722317274659	28.6403903903904	5.69969948975768
			28.6418918918919	113.560635193827	28.6418918918919	5.69944345124188
			28.6433933933934	113.398953112996	28.6433933933934	5.69918741272608
			28.6448948948949	113.237271032164	28.6448948948949	5.69893137421029
			28.6463963963964	113.075588951332	28.6463963963964	5.69867533569449
			28.6478978978979	112.9139068705	28.6478978978979	5.69841929717869
			28.6493993993994	112.752224789669	28.6493993993994	5.69816325866289
			28.6509009009009	112.590542708837	28.6509009009009	5.6979072201471
			28.6524024024024	112.428860628006	28.6524024024024	5.6976511816313
			28.6539039039039	112.267178547174	28.6539039039039	5.6973951431155
			28.6554054054054	112.105496466343	28.6554054054054	5.6971391045997
			28.6569069069069	111.943814385511	28.6569069069069	5.69688306608391
			28.6584084084084	111.782132304679	28.6584084084084	5.69662702756811
			28.6599099099099	111.620450223848	28.6599099099099	5.69637098905231
			28.6614114114114	111.458768143016	28.6614114114114	5.69611495053651
			28.6629129129129	111.297086062185	28.6629129129129	5.69585891202072
			28.6644144144144	111.135403981353	28.6644144144144	5.69560287350492
			28.6659159159159	110.973721900521	28.6659159159159	5.69534683498912
			28.6674174174174	110.81203981969	28.6674174174174	5.69509079647332
			28.6689189189189	110.650357738858	28.6689189189189	5.69483475795753
			28.6704204204204	110.488675658027	28.6704204204204	5.69457871944173
			28.6719219219219	110.326993577195	28.6719219219219	5.69432268092593
			28.6734234234234	110.165311496364	28.6734234234234	5.69406664241013
			28.6749249249249	110.003629415532	28.6749249249249	5.69381060389434
			28.6764264264264	109.8419473347	28.6764264264264	5.69355456537854
			28.6779279279279	109.680265253869	28.6779279279279	5.69329852686274
			28.6794294294294	109.518583173037	28.6794294294294	5.69304248834694
			28.6809309309309	109.356901092206	28.6809309309309	5.69278644983115
			28.6824324324324	109.195219011374	28.6824324324324	5.69253041131535
			28.6839339339339	109.033536930543	28.6839339339339	5.69227437279955
			28.6854354354354	108.871854849711	28.6854354354354	5.69201833428375
			28.6869369369369	108.71017276888	28.6869369369369	5.69176229576796
			28.6884384384384	108.548490688048	28.6884384384384	5.69150625725216
			28.6899399399399	108.386808607217	28.6899399399399	5.69125021873636
			28.6914414414414	108.225126526385	28.6914414414414	5.69099418022056
			28.6929429429429	108.063444445554	28.6929429429429	5.69073814170477
			28.6944444444444	107.901762364722	28.6944444444444	5.69048210318897
			28.6959459459459	107.74008028389	28.6959459459459	5.69022606467317
			28.6974474474474	107.578398203058	28.6974474474474	5.68997002615737
			28.6989489489489	107.416716122227	28.6989489489489	5.68971398764158
			28.7004504504505	107.255034041395	28.7004504504505	5.68945794912578
			28.701951951952	107.093351960564	28.701951951952	5.68920191060998
			28.7034534534535	106.931669879732	28.7034534534535	5.68894587209419
			28.704954954955	106.769987798901	28.704954954955	5.68868983357839
			28.7064564564565	106.608305718069	28.7064564564565	5.68843379506259
			28.707957957958	106.446623637237	28.707957957958	5.68817775654679
			28.7094594594595	106.284941556406	28.7094594594595	5.687921718031
			28.710960960961	106.123259475574	28.710960960961	5.6876656795152
			28.7124624624625	105.961577394743	28.7124624624625	5.6874096409994
			28.713963963964	105.799895313911	28.713963963964	5.6871536024836
			28.7154654654655	105.63821323308	28.7154654654655	5.68689756396781
			28.716966966967	105.476531152248	28.716966966967	5.68664152545201
			28.7184684684685	105.314849071417	28.7184684684685	5.68638548693621
			28.71996996997	105.153166990585	28.71996996997	5.68612944842041
			28.7214714714715	104.991484909754	28.7214714714715	5.68587340990462
			28.722972972973	104.829802828922	28.722972972973	5.68561737138882
			28.7244744744745	104.668120748091	28.7244744744745	5.68536133287302
			28.725975975976	104.506438667258	28.725975975976	5.68510529435722
			28.7274774774775	104.344756586427	28.7274774774775	5.68484925584143
			28.728978978979	104.183074505595	28.728978978979	5.68459321732563
			28.7304804804805	104.021392424764	28.7304804804805	5.68433717880983
			28.731981981982	103.859710343932	28.731981981982	5.68408114029403
			28.7334834834835	103.698028263101	28.7334834834835	5.68382510177824
			28.734984984985	103.536346182269	28.734984984985	5.68356906326244
			28.7364864864865	103.374664101438	28.7364864864865	5.68331302474664
			28.737987987988	103.212982020606	28.737987987988	5.68305698623084
			28.7394894894895	103.051299939775	28.7394894894895	5.68280094771505
			28.740990990991	102.889617858943	28.740990990991	5.68254490919925
			28.7424924924925	102.727935778112	28.7424924924925	5.68228887068345
			28.743993993994	102.56625369728	28.743993993994	5.68203283216765
			28.7454954954955	102.404571616448	28.7454954954955	5.68177679365186
			28.746996996997	102.242889535617	28.746996996997	5.68152075513606
			28.7484984984985	102.081207454785	28.7484984984985	5.68126471662026
			28.75	101.919525373954	28.75	5.68100867810446
			28.7515015015015	101.757843293122	28.7515015015015	5.68075263958867
			28.753003003003	101.596161212291	28.753003003003	5.68049660107287
			28.7545045045045	101.434479131459	28.7545045045045	5.68024056255707
			28.756006006006	101.272797050627	28.756006006006	5.67998452404127
			28.7575075075075	101.111114969795	28.7575075075075	5.67972848552548
			28.759009009009	100.949432888964	28.759009009009	5.67947244700968
			28.7605105105105	100.787750808132	28.7605105105105	5.67921640849388
			28.762012012012	100.626068727301	28.762012012012	5.67896036997808
			28.7635135135135	100.464386646469	28.7635135135135	5.67870433146229
			28.765015015015	100.302704565638	28.765015015015	5.67844829294649
			28.7665165165165	100.141022484806	28.7665165165165	5.67819225443069
			28.768018018018	99.9793404039747	28.768018018018	5.67793621591489
			28.7695195195195	99.817658323143	28.7695195195195	5.6776801773991
			28.771021021021	99.6559762423117	28.771021021021	5.6774241388833
			28.7725225225225	99.49429416148	28.7725225225225	5.6771681003675
			28.774024024024	99.3326120806487	28.774024024024	5.6769120618517
			28.7755255255255	99.1709299998165	28.7755255255255	5.67665602333591
			28.777027027027	99.0092479189852	28.777027027027	5.67639998482011
			28.7785285285285	98.8475658381535	28.7785285285285	5.67614394630431
			28.78003003003	98.6858837573222	28.78003003003	5.67588790778851
			28.7815315315315	98.5242016764905	28.7815315315315	5.67563186927272
			28.783033033033	98.3625195956593	28.783033033033	5.67537583075692
			28.7845345345345	98.2008375148275	28.7845345345345	5.67511979224112
			28.786036036036	98.0391554339958	28.786036036036	5.67486375372533
			28.7875375375375	97.8774733531641	28.7875375375375	5.67460771520953
			28.789039039039	97.7157912723328	28.789039039039	5.67435167669373
			28.7905405405405	97.5541091915011	28.7905405405405	5.67409563817793
			28.792042042042	97.3924271106698	28.792042042042	5.67383959966214
			28.7935435435435	97.2307450298381	28.7935435435435	5.67358356114634
			28.795045045045	97.0690629490064	28.795045045045	5.67332752263054
			28.7965465465465	96.9073808681746	28.7965465465465	5.67307148411474
			28.798048048048	96.7456987873434	28.798048048048	5.67281544559895
			28.7995495495496	96.5840167065116	28.7995495495496	5.67255940708315
			28.8010510510511	96.4223346256799	28.8010510510511	5.67230336856735
			28.8025525525526	96.2606525448487	28.8025525525526	5.67204733005155
			28.8040540540541	96.0989704640169	28.8040540540541	5.67179129153576
			28.8055555555556	95.9372883831852	28.8055555555556	5.67153525301996
			28.8070570570571	95.7756063023535	28.8070570570571	5.67127921450416
			28.8085585585586	95.6139242215222	28.8085585585586	5.67102317598836
			28.8100600600601	95.4522421406905	28.8100600600601	5.67076713747257
			28.8115615615616	95.2905600598592	28.8115615615616	5.67051109895677
			28.8130630630631	95.1288779790275	28.8130630630631	5.67025506044097
			28.8145645645646	94.9671958981962	28.8145645645646	5.66999902192517
			28.8160660660661	94.805513817364	28.8160660660661	5.66974298340938
			28.8175675675676	94.6438317365328	28.8175675675676	5.66948694489358
			28.8190690690691	94.4821496557011	28.8190690690691	5.66923090637778
			28.8205705705706	94.3204675748698	28.8205705705706	5.66897486786198
			28.8220720720721	94.1587854940381	28.8220720720721	5.66871882934619
			28.8235735735736	93.9971034132068	28.8235735735736	5.66846279083039
			28.8250750750751	93.8354213323746	28.8250750750751	5.66820675231459
			28.8265765765766	93.6737392515433	28.8265765765766	5.66795071379879
			28.8280780780781	93.5120571707116	28.8280780780781	5.667694675283
			28.8295795795796	93.3503750898803	28.8295795795796	5.6674386367672
			28.8310810810811	93.1886930090486	28.8310810810811	5.6671825982514
			28.8325825825826	93.0270109282174	28.8325825825826	5.6669265597356
			28.8340840840841	92.8653288473856	28.8340840840841	5.66667052121981
			28.8355855855856	92.7036467665539	28.8355855855856	5.66641448270401
			28.8370870870871	92.5419646857222	28.8370870870871	5.66615844418821
			28.8385885885886	92.3802826048909	28.8385885885886	5.66590240567241
			28.8400900900901	92.2186005240592	28.8400900900901	5.66564636715662
			28.8415915915916	92.0569184432275	28.8415915915916	5.66539032864082
			28.8430930930931	91.8952363623962	28.8430930930931	5.66513429012502
			28.8445945945946	91.7335542815645	28.8445945945946	5.66487825160922
			28.8460960960961	91.5718722007327	28.8460960960961	5.66462221309343
			28.8475975975976	91.410190119901	28.8475975975976	5.66436617457763
			28.8490990990991	91.2485080390697	28.8490990990991	5.66411013606183
			28.8506006006006	91.086825958238	28.8506006006006	5.66385409754603
			28.8521021021021	90.9251438774068	28.8521021021021	5.66359805903024
			28.8536036036036	90.763461796575	28.8536036036036	5.66334202051444
			28.8551051051051	90.6017797157438	28.8551051051051	5.66308598199864
			28.8566066066066	90.4400976349116	28.8566066066066	5.66282994348284
			28.8581081081081	90.2784155540803	28.8581081081081	5.66257390496705
			28.8596096096096	90.1167334732486	28.8596096096096	5.66231786645125
			28.8611111111111	89.9550513924173	28.8611111111111	5.66206182793545
			28.8626126126126	89.7933693115856	28.8626126126126	5.66180578941966
			28.8641141141141	89.6316872307543	28.8641141141141	5.66154975090386
			28.8656156156156	89.4700051499221	28.8656156156156	5.66129371238806
			28.8671171171171	89.3083230690909	28.8671171171171	5.66103767387226
			28.8686186186186	89.1466409882592	28.8686186186186	5.66078163535647
			28.8701201201201	88.9849589074279	28.8701201201201	5.66052559684067
			28.8716216216216	88.8232768265962	28.8716216216216	5.66026955832487
			28.8731231231231	88.6615947457649	28.8731231231231	5.66001351980907
			28.8746246246246	88.4999126649332	28.8746246246246	5.65975748129328
			28.8761261261261	88.3382305841014	28.8761261261261	5.65950144277748
			28.8776276276276	88.1765485032697	28.8776276276276	5.65924540426168
			28.8791291291291	88.0148664224384	28.8791291291291	5.65898936574588
			28.8806306306306	87.8531843416067	28.8806306306306	5.65873332723009
			28.8821321321321	87.6915022607755	28.8821321321321	5.65847728871429
			28.8836336336336	87.5298201799437	28.8836336336336	5.65822125019849
			28.8851351351351	87.368138099112	28.8851351351351	5.65796521168269
			28.8866366366366	87.2064560182803	28.8866366366366	5.6577091731669
			28.8881381381381	87.044773937449	28.8881381381381	5.6574531346511
			28.8896396396396	86.8830918566173	28.8896396396396	5.6571970961353
			28.8911411411411	86.7214097757856	28.8911411411411	5.6569410576195
			28.8926426426426	86.5597276949543	28.8926426426426	5.65668501910371
			28.8941441441441	86.3980456141226	28.8941441441441	5.65642898058791
			28.8956456456456	86.2363635332908	28.8956456456456	5.65617294207211
			28.8971471471471	86.0746814524591	28.8971471471471	5.65591690355631
			28.8986486486486	85.9129993716278	28.8986486486486	5.65566086504052
			28.9001501501502	85.7513172907961	28.9001501501502	5.65540482652472
			28.9016516516517	85.5896352099649	28.9016516516517	5.65514878800892
			28.9031531531532	85.4279531291331	28.9031531531532	5.65489274949312
			28.9046546546547	85.2662710483019	28.9046546546547	5.65463671097733
			28.9061561561562	85.1045889674697	28.9061561561562	5.65438067246153
			28.9076576576577	84.9429068866384	28.9076576576577	5.65412463394573
			28.9091591591592	84.7812248058067	28.9091591591592	5.65386859542993
			28.9106606606607	84.6195427249754	28.9106606606607	5.65361255691414
			28.9121621621622	84.4578606441437	28.9121621621622	5.65335651839834
			28.9136636636637	84.2961785633124	28.9136636636637	5.65310047988254
			28.9151651651652	84.1344964824807	28.9151651651652	5.65284444136674
			28.9166666666667	83.972814401649	28.9166666666667	5.65258840285095
			28.9181681681682	83.8111323208173	28.9181681681682	5.65233236433515
			28.9196696696697	83.649450239986	28.9196696696697	5.65207632581935
			28.9211711711712	83.4877681591543	28.9211711711712	5.65182028730355
			28.9226726726727	83.326086078323	28.9226726726727	5.65156424878776
			28.9241741741742	83.1644039974913	28.9241741741742	5.65130821027196
			28.9256756756757	83.0027219166595	28.9256756756757	5.65105217175616
			28.9271771771772	82.8410398358278	28.9271771771772	5.65079613324036
			28.9286786786787	82.6793577549965	28.9286786786787	5.65054009472457
			28.9301801801802	82.5176756741648	28.9301801801802	5.65028405620877
			28.9316816816817	82.3559935933336	28.9316816816817	5.65002801769297
			28.9331831831832	82.1943115125018	28.9331831831832	5.64977197917717
			28.9346846846847	82.0326294316701	28.9346846846847	5.64951594066138
			28.9361861861862	81.8709473508384	28.9361861861862	5.64925990214558
			28.9376876876877	81.7092652700071	28.9376876876877	5.64900386362978
			28.9391891891892	81.5475831891754	28.9391891891892	5.64874782511398
			28.9406906906907	81.3859011083437	28.9406906906907	5.64849178659819
			28.9421921921922	81.2242190275124	28.9421921921922	5.64823574808239
			28.9436936936937	81.0625369466807	28.9436936936937	5.64797970956659
			28.9451951951952	80.9008548658489	28.9451951951952	5.64772367105079
			28.9466966966967	80.7391727850172	28.9466966966967	5.647467632535
			28.9481981981982	80.5774907041859	28.9481981981982	5.6472115940192
			28.9496996996997	80.4158086233542	28.9496996996997	5.6469555555034
			28.9512012012012	80.254126542523	28.9512012012012	5.6466995169876
			28.9527027027027	80.0924444616912	28.9527027027027	5.64644347847181
			28.9542042042042	79.93076238086	28.9542042042042	5.64618743995601
			28.9557057057057	79.7690803000278	28.9557057057057	5.64593140144021
			28.9572072072072	79.6073982191965	28.9572072072072	5.64567536292441
			28.9587087087087	79.4457161383648	28.9587087087087	5.64541932440862
			28.9602102102102	79.2840340575335	28.9602102102102	5.64516328589282
			28.9617117117117	79.1223519767018	28.9617117117117	5.64490724737702
			28.9632132132132	78.9606698958705	28.9632132132132	5.64465120886123
			28.9647147147147	78.7989878150388	28.9647147147147	5.64439517034543
			28.9662162162162	78.6373057342071	28.9662162162162	5.64413913182963
			28.9677177177177	78.4756236533754	28.9677177177177	5.64388309331383
			28.9692192192192	78.3139415725441	28.9692192192192	5.64362705479803
			28.9707207207207	78.1522594917124	28.9707207207207	5.64337101628224
			28.9722222222222	77.9905774108811	28.9722222222222	5.64311497776644
			28.9737237237237	77.8288953300494	28.9737237237237	5.64285893925064
			28.9752252252252	77.6672132492176	28.9752252252252	5.64260290073485
			28.9767267267267	77.5055311683859	28.9767267267267	5.64234686221905
			28.9782282282282	77.3438490875546	28.9782282282282	5.64209082370325
			28.9797297297297	77.1821670067229	28.9797297297297	5.64183478518745
			28.9812312312312	77.0204849258912	28.9812312312312	5.64157874667166
			28.9827327327327	76.8588028450599	28.9827327327327	5.64132270815586
			28.9842342342342	76.6971207642282	28.9842342342342	5.64106666964006
			28.9857357357357	76.5354386833965	28.9857357357357	5.64081063112426
			28.9872372372372	76.3737566025648	28.9872372372372	5.64055459260847
			28.9887387387387	76.2120745217335	28.9887387387387	5.64029855409267
			28.9902402402402	76.0503924409018	28.9902402402402	5.64004251557687
			28.9917417417417	75.8887103600705	28.9917417417417	5.63978647706107
			28.9932432432432	75.7270282792388	28.9932432432432	5.63953043854528
			28.9947447447447	75.5653461984075	28.9947447447447	5.63927440002948
			28.9962462462462	75.4036641175753	28.9962462462462	5.63901836151368
			28.9977477477477	75.241982036744	28.9977477477477	5.63876232299788
			28.9992492492493	75.0802999559123	28.9992492492493	5.63850628448209
			29.0007507507508	74.9186178750811	29.0007507507508	5.63825024596629
			29.0022522522523	74.7569357942493	29.0022522522523	5.63799420745049
			29.0037537537538	74.5952537134181	29.0037537537538	5.63773816893469
			29.0052552552553	74.4335716325859	29.0052552552553	5.6374821304189
			29.0067567567568	74.2718895517546	29.0067567567568	5.6372260919031
			29.0082582582583	74.1102074709229	29.0082582582583	5.6369700533873
			29.0097597597598	73.9485253900916	29.0097597597598	5.6367140148715
			29.0112612612613	73.7868433092599	29.0112612612613	5.63645797635571
			29.0127627627628	73.6251612284286	29.0127627627628	5.63620193783991
			29.0142642642643	73.4634791475969	29.0142642642643	5.63594589932411
			29.0157657657658	73.3017970667652	29.0157657657658	5.63568986080831
			29.0172672672673	73.1401149859335	29.0172672672673	5.63543382229252
			29.0187687687688	72.9784329051022	29.0187687687688	5.63517778377672
			29.0202702702703	72.8167508242705	29.0202702702703	5.63492174526092
			29.0217717717718	72.6550687434392	29.0217717717718	5.63466570674512
			29.0232732732733	72.4933866626075	29.0232732732733	5.63440966822933
			29.0247747747748	72.3317045817757	29.0247747747748	5.63415362971353
			29.0262762762763	72.170022500944	29.0262762762763	5.63389759119773
			29.0277777777778	72.0083404201127	29.0277777777778	5.63364155268193
			29.0292792792793	71.846658339281	29.0292792792793	5.63338551416614
			29.0307807807808	71.6849762584493	29.0307807807808	5.63312947565034
			29.0322822822823	71.523294177618	29.0322822822823	5.63287343713454
			29.0337837837838	71.3616120967863	29.0337837837838	5.63261739861874
			29.0352852852853	71.1999300159546	29.0352852852853	5.63236136010295
			29.0367867867868	71.0382479351229	29.0367867867868	5.63210532158715
			29.0382882882883	70.8765658542916	29.0382882882883	5.63184928307135
			29.0397897897898	70.7148837734599	29.0397897897898	5.63159324455556
			29.0412912912913	70.5532016926286	29.0412912912913	5.63133720603976
			29.0427927927928	70.3915196117969	29.0427927927928	5.63108116752396
			29.0442942942943	70.2298375309656	29.0442942942943	5.63082512900816
			29.0457957957958	70.0681554501334	29.0457957957958	5.63056909049237
			29.0472972972973	69.9064733693021	29.0472972972973	5.63031305197657
			29.0487987987988	69.7447912884704	29.0487987987988	5.63005701346077
			29.0503003003003	69.5831092076392	29.0503003003003	5.62980097494497
			29.0518018018018	69.4214271268074	29.0518018018018	5.62954493642918
			29.0533033033033	69.2597450459762	29.0533033033033	5.62928889791338
			29.0548048048048	69.0980629651444	29.0548048048048	5.62903285939758
			29.0563063063063	68.9363808843127	29.0563063063063	5.62877682088178
			29.0578078078078	68.774698803481	29.0578078078078	5.62852078236599
			29.0593093093093	68.6130167226497	29.0593093093093	5.62826474385019
			29.0608108108108	68.451334641818	29.0608108108108	5.62800870533439
			29.0623123123123	68.2896525609867	29.0623123123123	5.62775266681859
			29.0638138138138	68.127970480155	29.0638138138138	5.6274966283028
			29.0653153153153	67.9662883993233	29.0653153153153	5.627240589787
			29.0668168168168	67.8046063184916	29.0668168168168	5.6269845512712
			29.0683183183183	67.6429242376603	29.0683183183183	5.6267285127554
			29.0698198198198	67.4812421568286	29.0698198198198	5.62647247423961
			29.0713213213213	67.3195600759973	29.0713213213213	5.62621643572381
			29.0728228228228	67.1578779951656	29.0728228228228	5.62596039720801
			29.0743243243243	66.9961959143338	29.0743243243243	5.62570435869221
			29.0758258258258	66.8345138335021	29.0758258258258	5.62544832017642
			29.0773273273273	66.6728317526708	29.0773273273273	5.62519228166062
			29.0788288288288	66.5111496718391	29.0788288288288	5.62493624314482
			29.0803303303303	66.3494675910074	29.0803303303303	5.62468020462902
			29.0818318318318	66.1877855101761	29.0818318318318	5.62442416611323
			29.0833333333333	66.0261034293444	29.0833333333333	5.62416812759743
			29.0848348348348	65.8644213485131	29.0848348348348	5.62391208908163
			29.0863363363363	65.702739267681	29.0863363363363	5.62365605056583
			29.0878378378378	65.5410571868497	29.0878378378378	5.62340001205004
			29.0893393393393	65.379375106018	29.0893393393393	5.62314397353424
			29.0908408408408	65.2176930251867	29.0908408408408	5.62288793501844
			29.0923423423423	65.056010944355	29.0923423423423	5.62263189650264
			29.0938438438438	64.8943288635237	29.0938438438438	5.62237585798685
			29.0953453453453	64.7326467826915	29.0953453453453	5.62211981947105
			29.0968468468468	64.5709647018602	29.0968468468468	5.62186378095525
			29.0983483483483	64.4092826210285	29.0983483483483	5.62160774243945
			29.0998498498499	64.2476005401973	29.0998498498499	5.62135170392366
			29.1013513513514	64.0859184593655	29.1013513513514	5.62109566540786
			29.1028528528529	63.9242363785343	29.1028528528529	5.62083962689206
			29.1043543543544	63.7625542977025	29.1043543543544	5.62058358837626
			29.1058558558559	63.6008722168708	29.1058558558559	5.62032754986047
			29.1073573573574	63.4391901360391	29.1073573573574	5.62007151134467
			29.1088588588589	63.2775080552078	29.1088588588589	5.61981547282887
			29.1103603603604	63.1158259743761	29.1103603603604	5.61955943431307
			29.1118618618619	62.9541438935448	29.1118618618619	5.61930339579728
			29.1133633633634	62.7924618127131	29.1133633633634	5.61904735728148
			29.1148648648649	62.6307797318818	29.1148648648649	5.61879131876568
			29.1163663663664	62.4690976510497	29.1163663663664	5.61853528024988
			29.1178678678679	62.3074155702184	29.1178678678679	5.61827924173409
			29.1193693693694	62.1457334893867	29.1193693693694	5.61802320321829
			29.1208708708709	61.9840514085554	29.1208708708709	5.61776716470249
			29.1223723723724	61.8223693277237	29.1223723723724	5.6175111261867
			29.1238738738739	61.6606872468919	29.1238738738739	5.6172550876709
			29.1253753753754	61.4990051660602	29.1253753753754	5.6169990491551
			29.1268768768769	61.3373230852289	29.1268768768769	5.6167430106393
			29.1283783783784	61.1756410043972	29.1283783783784	5.6164869721235
			29.1298798798799	61.0139589235655	29.1298798798799	5.61623093360771
			29.1313813813814	60.8522768427342	29.1313813813814	5.61597489509191
			29.1328828828829	60.6905947619025	29.1328828828829	5.61571885657611
			29.1343843843844	60.5289126810712	29.1343843843844	5.61546281806032
			29.1358858858859	60.3672306002391	29.1358858858859	5.61520677954452
			29.1373873873874	60.2055485194078	29.1373873873874	5.61495074102872
			29.1388888888889	60.0438664385761	29.1388888888889	5.61469470251292
			29.1403903903904	59.8821843577448	29.1403903903904	5.61443866399713
			29.1418918918919	59.7205022769131	29.1418918918919	5.61418262548133
			29.1433933933934	59.5588201960818	29.1433933933934	5.61392658696553
			29.1448948948949	59.3971381152496	29.1448948948949	5.61367054844973
			29.1463963963964	59.2354560344183	29.1463963963964	5.61341450993393
			29.1478978978979	59.0737739535866	29.1478978978979	5.61315847141814
			29.1493993993994	58.9120918727554	29.1493993993994	5.61290243290234
			29.1509009009009	58.7504097919236	29.1509009009009	5.61264639438654
			29.1524024024024	58.5887277110924	29.1524024024024	5.61239035587075
			29.1539039039039	58.4270456302606	29.1539039039039	5.61213431735495
			29.1554054054054	58.2653635494289	29.1554054054054	5.61187827883915
			29.1569069069069	58.1036814685972	29.1569069069069	5.61162224032335
			29.1584084084084	57.9419993877659	29.1584084084084	5.61136620180756
			29.1599099099099	57.7803173069342	29.1599099099099	5.61111016329176
			29.1614114114114	57.6186352261029	29.1614114114114	5.61085412477596
			29.1629129129129	57.4569531452712	29.1629129129129	5.61059808626016
			29.1644144144144	57.2952710644395	29.1644144144144	5.61034204774437
			29.1659159159159	57.1335889836078	29.1659159159159	5.61008600922857
			29.1674174174174	56.9719069027765	29.1674174174174	5.60982997071277
			29.1689189189189	56.8102248219448	29.1689189189189	5.60957393219697
			29.1704204204204	56.648542741113	29.1704204204204	5.60931789368118
			29.1719219219219	56.4868606602818	29.1719219219219	5.60906185516538
			29.1734234234234	56.32517857945	29.1734234234234	5.60880581664958
			29.1749249249249	56.1634964986188	29.1749249249249	5.60854977813378
			29.1764264264264	56.0018144177866	29.1764264264264	5.60829373961799
			29.1779279279279	55.8401323369553	29.1779279279279	5.60803770110219
			29.1794294294294	55.6784502561236	29.1794294294294	5.60778166258639
			29.1809309309309	55.5167681752923	29.1809309309309	5.60752562407059
			29.1824324324324	55.3550860944606	29.1824324324324	5.6072695855548
			29.1839339339339	55.1934040136293	29.1839339339339	5.607013547039
			29.1854354354354	55.0317219327972	29.1854354354354	5.6067575085232
			29.1869369369369	54.8700398519659	29.1869369369369	5.6065014700074
			29.1884384384384	54.7083577711342	29.1884384384384	5.60624543149161
			29.1899399399399	54.5466756903029	29.1899399399399	5.60598939297581
			29.1914414414414	54.3849936094712	29.1914414414414	5.60573335446001
			29.1929429429429	54.2233115286399	29.1929429429429	5.60547731594421
			29.1944444444444	54.0616294478082	29.1944444444444	5.60522127742842
			29.1959459459459	53.8999473669764	29.1959459459459	5.60496523891262
			29.1974474474474	53.7382652861447	29.1974474474474	5.60470920039682
			29.1989489489489	53.5765832053135	29.1989489489489	5.60445316188102
			29.2004504504505	53.4149011244817	29.2004504504505	5.60419712336523
			29.201951951952	53.2532190436505	29.201951951952	5.60394108484943
			29.2034534534535	53.0915369628187	29.2034534534535	5.60368504633363
			29.204954954955	52.929854881987	29.204954954955	5.60342900781783
			29.2064564564565	52.7681728011553	29.2064564564565	5.60317296930204
			29.207957957958	52.606490720324	29.207957957958	5.60291693078624
			29.2094594594595	52.4448086394923	29.2094594594595	5.60266089227044
			29.210960960961	52.283126558661	29.210960960961	5.60240485375464
			29.2124624624625	52.1214444778293	29.2124624624625	5.60214881523885
			29.213963963964	51.9597623969976	29.213963963964	5.60189277672305
			29.2154654654655	51.7980803161659	29.2154654654655	5.60163673820725
			29.216966966967	51.6363982353346	29.216966966967	5.60138069969145
			29.2184684684685	51.4747161545029	29.2184684684685	5.60112466117566
			29.21996996997	51.3130340736711	29.21996996997	5.60086862265986
			29.2214714714715	51.1513519928399	29.2214714714715	5.60061258414406
			29.222972972973	50.9896699120081	29.222972972973	5.60035654562826
			29.2244744744745	50.8279878311769	29.2244744744745	5.60010050711247
			29.225975975976	50.6663057503447	29.225975975976	5.59984446859667
			29.2274774774775	50.5046236695134	29.2274774774775	5.59958843008087
			29.228978978979	50.3429415886817	29.228978978979	5.59933239156508
			29.2304804804805	50.1812595078504	29.2304804804805	5.59907635304928
			29.231981981982	50.0195774270187	29.231981981982	5.59882031453348
			29.2334834834835	49.8578953461874	29.2334834834835	5.59856427601768
			29.234984984985	49.6962132653557	29.234984984985	5.59830823750189
			29.2364864864865	49.534531184524	29.2364864864865	5.59805219898609
			29.237987987988	49.3728491036923	29.237987987988	5.59779616047029
			29.2394894894895	49.211167022861	29.2394894894895	5.59754012195449
			29.240990990991	49.0494849420293	29.240990990991	5.5972840834387
			29.2424924924925	48.887802861198	29.2424924924925	5.5970280449229
			29.243993993994	48.7261207803663	29.243993993994	5.5967720064071
			29.2454954954955	48.5644386995345	29.2454954954955	5.5965159678913
			29.246996996997	48.4027566187028	29.246996996997	5.59625992937551
			29.2484984984985	48.2410745378716	29.2484984984985	5.59600389085971
			29.25	48.0793924570398	29.25	5.59574785234391
			29.2515015015015	47.9177103762086	29.2515015015015	5.59549181382811
			29.253003003003	47.7560282953768	29.253003003003	5.59523577531232
			29.2545045045045	47.5943462145456	29.2545045045045	5.59497973679652
			29.256006006006	47.4326641337134	29.256006006006	5.59472369828072
			29.2575075075075	47.2709820528821	29.2575075075075	5.59446765976492
			29.259009009009	47.1092999720504	29.259009009009	5.59421162124913
			29.2605105105105	46.9476178912191	29.2605105105105	5.59395558273333
			29.262012012012	46.7859358103874	29.262012012012	5.59369954421753
			29.2635135135135	46.6242537295557	29.2635135135135	5.59344350570173
			29.265015015015	46.462571648724	29.265015015015	5.59318746718594
			29.2665165165165	46.3008895678927	29.2665165165165	5.59293142867014
			29.268018018018	46.139207487061	29.268018018018	5.59267539015434
			29.2695195195195	45.9775254062292	29.2695195195195	5.59241935163854
			29.271021021021	45.815843325398	29.271021021021	5.59216331312275
			29.2725225225225	45.6541612445662	29.2725225225225	5.59190727460695
			29.274024024024	45.492479163735	29.274024024024	5.59165123609115
			29.2755255255255	45.3307970829028	29.2755255255255	5.59139519757535
			29.277027027027	45.1691150020715	29.277027027027	5.59113915905956
			29.2785285285285	45.0074329212398	29.2785285285285	5.59088312054376
			29.28003003003	44.8457508404085	29.28003003003	5.59062708202796
			29.2815315315315	44.6840687595768	29.2815315315315	5.59037104351216
			29.283033033033	44.5223866787455	29.283033033033	5.59011500499637
			29.2845345345345	44.3607045979138	29.2845345345345	5.58985896648057
			29.286036036036	44.1990225170821	29.286036036036	5.58960292796477
			29.2875375375375	44.0373404362504	29.2875375375375	5.58934688944897
			29.289039039039	43.8756583554191	29.289039039039	5.58909085093318
			29.2905405405405	43.7139762745874	29.2905405405405	5.58883481241738
			29.292042042042	43.5522941937561	29.292042042042	5.58857877390158
			29.2935435435435	43.3906121129244	29.2935435435435	5.58832273538578
			29.295045045045	43.2289300320931	29.295045045045	5.58806669686999
			29.2965465465465	43.0672479512609	29.2965465465465	5.58781065835419
			29.298048048048	42.9055658704297	29.298048048048	5.58755461983839
			29.2995495495496	42.7438837895979	29.2995495495496	5.5872985813226
			29.3010510510511	42.5822017087667	29.3010510510511	5.5870425428068
			29.3025525525526	42.4205196279349	29.3025525525526	5.586786504291
			29.3040540540541	42.2588375471032	29.3040540540541	5.5865304657752
			29.3055555555556	42.0971554662715	29.3055555555556	5.5862744272594
			29.3070570570571	41.9354733854402	29.3070570570571	5.58601838874361
			29.3085585585586	41.7737913046085	29.3085585585586	5.58576235022781
			29.3100600600601	41.6121092237768	29.3100600600601	5.58550631171201
			29.3115615615616	41.4504271429455	29.3115615615616	5.58525027319622
			29.3130630630631	41.2887450621138	29.3130630630631	5.58499423468042
			29.3145645645646	41.1270629812825	29.3145645645646	5.58473819616462
			29.3160660660661	40.9653809004503	29.3160660660661	5.58448215764882
			29.3175675675676	40.8036988196191	29.3175675675676	5.58422611913303
			29.3190690690691	40.6420167387873	29.3190690690691	5.58397008061723
			29.3205705705706	40.4803346579561	29.3205705705706	5.58371404210143
			29.3220720720721	40.3186525771243	29.3220720720721	5.58345800358563
			29.3235735735736	40.1569704962931	29.3235735735736	5.58320196506984
			29.3250750750751	39.9952884154609	29.3250750750751	5.58294592655404
			29.3265765765766	39.8336063346296	29.3265765765766	5.58268988803824
			29.3280780780781	39.6719242537979	29.3280780780781	5.58243384952244
			29.3295795795796	39.5102421729666	29.3295795795796	5.58217781100665
			29.3310810810811	39.3485600921349	29.3310810810811	5.58192177249085
			29.3325825825826	39.1868780113036	29.3325825825826	5.58166573397505
			29.3340840840841	39.0251959304719	29.3340840840841	5.58140969545925
			29.3355855855856	38.8635138496402	29.3355855855856	5.58115365694346
			29.3370870870871	38.7018317688085	29.3370870870871	5.58089761842766
			29.3385885885886	38.5401496879772	29.3385885885886	5.58064157991186
			29.3400900900901	38.3784676071455	29.3400900900901	5.58038554139606
			29.3415915915916	38.2167855263142	29.3415915915916	5.58012950288027
			29.3430930930931	38.0551034454825	29.3430930930931	5.57987346436447
			29.3445945945946	37.8934213646512	29.3445945945946	5.57961742584867
			29.3460960960961	37.731739283819	29.3460960960961	5.57936138733287
			29.3475975975976	37.5700572029878	29.3475975975976	5.57910534881708
			29.3490990990991	37.408375122156	29.3490990990991	5.57884931030128
			29.3506006006006	37.2466930413248	29.3506006006006	5.57859327178548
			29.3521021021021	37.085010960493	29.3521021021021	5.57833723326968
			29.3536036036036	36.9233288796613	29.3536036036036	5.57808119475389
			29.3551051051051	36.76164679883	29.3551051051051	5.57782515623809
			29.3566066066066	36.5999647179983	29.3566066066066	5.57756911772229
			29.3581081081081	36.4382826371666	29.3581081081081	5.57731307920649
			29.3596096096096	36.2766005563349	29.3596096096096	5.5770570406907
			29.3611111111111	36.1149184755036	29.3611111111111	5.5768010021749
			29.3626126126126	35.9532363946719	29.3626126126126	5.5765449636591
			29.3641141141141	35.7915543138406	29.3641141141141	5.5762889251433
			29.3656156156156	35.6298722330084	29.3656156156156	5.57603288662751
			29.3671171171171	35.4681901521772	29.3671171171171	5.57577684811171
			29.3686186186186	35.3065080713454	29.3686186186186	5.57552080959591
			29.3701201201201	35.1448259905142	29.3701201201201	5.57526477108011
			29.3716216216216	34.9831439096824	29.3716216216216	5.57500873256432
			29.3731231231231	34.8214618288512	29.3731231231231	5.57475269404852
			29.3746246246246	34.6597797480194	29.3746246246246	5.57449665553272
			29.3761261261261	34.4980976671877	29.3761261261261	5.57424061701692
			29.3776276276276	34.336415586356	29.3776276276276	5.57398457850113
			29.3791291291291	34.1747335055247	29.3791291291291	5.57372853998533
			29.3806306306306	34.013051424693	29.3806306306306	5.57347250146953
			29.3821321321321	33.8513693438617	29.3821321321321	5.57321646295373
			29.3836336336336	33.68968726303	29.3836336336336	5.57296042443794
			29.3851351351351	33.5280051821983	29.3851351351351	5.57270438592214
			29.3866366366366	33.3663231013666	29.3866366366366	5.57244834740634
			29.3881381381381	33.2046410205353	29.3881381381381	5.57219230889054
			29.3896396396396	33.0429589397036	29.3896396396396	5.57193627037475
			29.3911411411411	32.8812768588723	29.3911411411411	5.57168023185895
			29.3926426426426	32.7195947780406	29.3926426426426	5.57142419334315
			29.3941441441441	32.5579126972093	29.3941441441441	5.57116815482736
			29.3956456456456	32.3962306163771	29.3956456456456	5.57091211631156
			29.3971471471471	32.2345485355459	29.3971471471471	5.57065607779576
			29.3986486486486	32.0728664547141	29.3986486486486	5.57040003927996
			29.4001501501502	31.9111843738829	29.4001501501502	5.57014400076416
			29.4016516516517	31.7495022930511	29.4016516516517	5.56988796224837
			29.4031531531532	31.5878202122194	29.4031531531532	5.56963192373257
			29.4046546546547	31.4261381313881	29.4046546546547	5.56937588521677
			29.4061561561562	31.2644560505564	29.4061561561562	5.56911984670097
			29.4076576576577	31.1027739697247	29.4076576576577	5.56886380818518
			29.4091591591592	30.941091888893	29.4091591591592	5.56860776966938
			29.4106606606607	30.7794098080617	29.4106606606607	5.56835173115358
			29.4121621621622	30.61772772723	29.4121621621622	5.56809569263779
			29.4136636636637	30.4560456463987	29.4136636636637	5.56783965412199
			29.4151651651652	30.294363565567	29.4151651651652	5.56758361560619
			29.4166666666667	30.1326814847353	29.4166666666667	5.56732757709039
			29.4181681681682	29.9709994039035	29.4181681681682	5.5670715385746
			29.4196696696697	29.8093173230723	29.4196696696697	5.5668155000588
			29.4211711711712	29.6476352422405	29.4211711711712	5.566559461543
			29.4226726726727	29.4859531614093	29.4226726726727	5.5663034230272
			29.4241741741742	29.3242710805775	29.4241741741742	5.56604738451141
			29.4256756756757	29.1625889997458	29.4256756756757	5.56579134599561
			29.4271771771772	29.0009069189141	29.4271771771772	5.56553530747981
			29.4286786786787	28.8392248380828	29.4286786786787	5.56527926896401
			29.4301801801802	28.6775427572511	29.4301801801802	5.56502323044822
			29.4316816816817	28.5158606764198	29.4316816816817	5.56476719193242
			29.4331831831832	28.3541785955881	29.4331831831832	5.56451115341662
			29.4346846846847	28.1924965147568	29.4346846846847	5.56425511490082
			29.4361861861862	28.0308144339247	29.4361861861862	5.56399907638503
			29.4376876876877	27.8691323530934	29.4376876876877	5.56374303786923
			29.4391891891892	27.7074502722617	29.4391891891892	5.56348699935343
			29.4406906906907	27.5457681914304	29.4406906906907	5.56323096083763
			29.4421921921922	27.3840861105987	29.4421921921922	5.56297492232184
			29.4436936936937	27.2224040297674	29.4436936936937	5.56271888380604
			29.4451951951952	27.0607219489352	29.4451951951952	5.56246284529024
			29.4466966966967	26.899039868104	29.4466966966967	5.56220680677444
			29.4481981981982	26.7373577872722	29.4481981981982	5.56195076825865
			29.4496996996997	26.575675706441	29.4496996996997	5.56169472974285
			29.4512012012012	26.4139936256092	29.4512012012012	5.56143869122705
			29.4527027027027	26.2523115447775	29.4527027027027	5.56118265271125
			29.4542042042042	26.0906294639462	29.4542042042042	5.56092661419546
			29.4557057057057	25.9289473831145	29.4557057057057	5.56067057567966
			29.4572072072072	25.7672653022828	29.4572072072072	5.56041453716386
			29.4587087087087	25.6055832214511	29.4587087087087	5.56015849864806
			29.4602102102102	25.4439011406198	29.4602102102102	5.55990246013227
			29.4617117117117	25.2822190597881	29.4617117117117	5.55964642161647
			29.4632132132132	25.1205369789568	29.4632132132132	5.55939038310067
			29.4647147147147	24.9588548981251	29.4647147147147	5.55913434458487
			29.4662162162162	24.7971728172934	29.4662162162162	5.55887830606908
			29.4677177177177	24.6354907364616	29.4677177177177	5.55862226755328
			29.4692192192192	24.4738086556304	29.4692192192192	5.55836622903748
			29.4707207207207	24.3121265747986	29.4707207207207	5.55811019052168
			29.4722222222222	24.1504444939674	29.4722222222222	5.55785415200589
			29.4737237237237	23.9887624131356	29.4737237237237	5.55759811349009
			29.4752252252252	23.8270803323044	29.4752252252252	5.55734207497429
			29.4767267267267	23.6653982514722	29.4767267267267	5.55708603645849
			29.4782282282282	23.5037161706409	29.4782282282282	5.5568299979427
			29.4797297297297	23.3420340898092	29.4797297297297	5.5565739594269
			29.4812312312312	23.1803520089779	29.4812312312312	5.5563179209111
			29.4827327327327	23.0186699281462	29.4827327327327	5.55606188239531
			29.4842342342342	22.8569878473149	29.4842342342342	5.55580584387951
			29.4857357357357	22.6953057664828	29.4857357357357	5.55554980536371
			29.4872372372372	22.5336236856515	29.4872372372372	5.55529376684791
			29.4887387387387	22.3719416048198	29.4887387387387	5.55503772833212
			29.4902402402402	22.2102595239885	29.4902402402402	5.55478168981632
			29.4917417417417	22.0485774431568	29.4917417417417	5.55452565130052
			29.4932432432432	21.886895362325	29.4932432432432	5.55426961278472
			29.4947447447447	21.7252132814938	29.4947447447447	5.55401357426893
			29.4962462462462	21.5635312006621	29.4962462462462	5.55375753575313
			29.4977477477477	21.4018491198303	29.4977477477477	5.55350149723733
			29.4992492492493	21.2401670389986	29.4992492492493	5.55324545872153
			29.5007507507508	21.0784849581673	29.5007507507508	5.55298942020574
			29.5022522522523	20.9168028773356	29.5022522522523	5.55273338168994
			29.5037537537538	20.7551207965043	29.5037537537538	5.55247734317414
			29.5052552552553	20.5934387156722	29.5052552552553	5.55222130465834
			29.5067567567568	20.4317566348409	29.5067567567568	5.55196526614255
			29.5082582582583	20.2700745540092	29.5082582582583	5.55170922762675
			29.5097597597598	20.1083924731779	29.5097597597598	5.55145318911095
			29.5112612612613	19.9467103923462	29.5112612612613	5.55119715059515
			29.5127627627628	19.7850283115149	29.5127627627628	5.55094111207936
			29.5142642642643	19.6233462306832	29.5142642642643	5.55068507356356
			29.5157657657658	19.4616641498515	29.5157657657658	5.55042903504776
			29.5172672672673	19.2999820690197	29.5172672672673	5.55017299653196
			29.5187687687688	19.1382999881885	29.5187687687688	5.54991695801617
			29.5202702702703	18.9766179073567	29.5202702702703	5.54966091950037
			29.5217717717718	18.8149358265255	29.5217717717718	5.54940488098457
			29.5232732732733	18.6532537456937	29.5232732732733	5.54914884246877
			29.5247747747748	18.491571664862	29.5247747747748	5.54889280395298
			29.5262762762763	18.3298895840303	29.5262762762763	5.54863676543718
			29.5277777777778	18.168207503199	29.5277777777778	5.54838072692138
			29.5292792792793	18.0065254223673	29.5292792792793	5.54812468840558
			29.5307807807808	17.844843341536	29.5307807807808	5.54786864988979
			29.5322822822823	17.6831612607043	29.5322822822823	5.54761261137399
			29.5337837837838	17.521479179873	29.5337837837838	5.54735657285819
			29.5352852852853	17.3597970990413	29.5352852852853	5.54710053434239
			29.5367867867868	17.1981150182096	29.5367867867868	5.5468444958266
			29.5382882882883	17.0364329373779	29.5382882882883	5.5465884573108
			29.5397897897898	16.8747508565466	29.5397897897898	5.546332418795
			29.5412912912913	16.7130687757149	29.5412912912913	5.5460763802792
			29.5427927927928	16.5513866948831	29.5427927927928	5.54582034176341
			29.5442942942943	16.3897046140519	29.5442942942943	5.54556430324761
			29.5457957957958	16.2280225332202	29.5457957957958	5.54530826473181
			29.5472972972973	16.0663404523884	29.5472972972973	5.54505222621601
			29.5487987987988	15.9046583715567	29.5487987987988	5.54479618770022
			29.5503003003003	15.7429762907254	29.5503003003003	5.54454014918442
			29.5518018018018	15.5812942098937	29.5518018018018	5.54428411066862
			29.5533033033033	15.4196121290624	29.5533033033033	5.54402807215283
			29.5548048048048	15.2579300482307	29.5548048048048	5.54377203363703
			29.5563063063063	15.096247967399	29.5563063063063	5.54351599512123
			29.5578078078078	14.9345658865673	29.5578078078078	5.54325995660543
			29.5593093093093	14.772883805736	29.5593093093093	5.54300391808963
			29.5608108108108	14.6112017249043	29.5608108108108	5.54274787957384
			29.5623123123123	14.449519644073	29.5623123123123	5.54249184105804
			29.5638138138138	14.2878375632413	29.5638138138138	5.54223580254224
			29.5653153153153	14.1261554824096	29.5653153153153	5.54197976402644
			29.5668168168168	13.9644734015778	29.5668168168168	5.54172372551065
			29.5683183183183	13.8027913207466	29.5683183183183	5.54146768699485
			29.5698198198198	13.6411092399148	29.5698198198198	5.54121164847905
			29.5713213213213	13.4794271590836	29.5713213213213	5.54095560996326
			29.5728228228228	13.3177450782518	29.5728228228228	5.54069957144746
			29.5743243243243	13.1560629974206	29.5743243243243	5.54044353293166
			29.5758258258258	12.9943809165884	29.5758258258258	5.54018749441586
			29.5773273273273	12.8326988357571	29.5773273273273	5.53993145590007
			29.5788288288288	12.6710167549254	29.5788288288288	5.53967541738427
			29.5803303303303	12.5093346740941	29.5803303303303	5.53941937886847
			29.5818318318318	12.3476525932624	29.5818318318318	5.53916334035267
			29.5833333333333	12.1859705124311	29.5833333333333	5.53890730183688
			29.5848348348348	12.024288431599	29.5848348348348	5.53865126332108
			29.5863363363363	11.8626063507677	29.5863363363363	5.53839522480528
			29.5878378378378	11.700924269936	29.5878378378378	5.53813918628948
			29.5893393393393	11.5392421891047	29.5893393393393	5.53788314777369
			29.5908408408408	11.377560108273	29.5908408408408	5.53762710925789
			29.5923423423423	11.2158780274412	29.5923423423423	5.53737107074209
			29.5938438438438	11.05419594661	29.5938438438438	5.53711503222629
			29.5953453453453	10.8925138657783	29.5953453453453	5.5368589937105
			29.5968468468468	10.7308317849465	29.5968468468468	5.5366029551947
			29.5983483483483	10.5691497041148	29.5983483483483	5.5363469166789
			29.5998498498499	10.4074676232835	29.5998498498499	5.5360908781631
			29.6013513513514	10.2457855424518	29.6013513513514	5.53583483964731
			29.6028528528529	10.0841034616205	29.6028528528529	5.53557880113151
			29.6043543543544	9.92242138078882	29.6043543543544	5.53532276261571
			29.6058558558559	9.76073929995709	29.6058558558559	5.53506672409991
			29.6073573573574	9.59905721912537	29.6073573573574	5.53481068558412
			29.6088588588589	9.4373751382941	29.6088588588589	5.53455464706832
			29.6103603603604	9.27569305746238	29.6103603603604	5.53429860855252
			29.6118618618619	9.11401097663111	29.6118618618619	5.53404257003672
			29.6133633633634	8.95232889579938	29.6133633633634	5.53378653152093
			29.6148648648649	8.79064681496811	29.6148648648649	5.53353049300513
			29.6163663663664	8.62896473413593	29.6163663663664	5.53327445448933
			29.6178678678679	8.46728265330466	29.6178678678679	5.53301841597353
			29.6193693693694	8.30560057247294	29.6193693693694	5.53276237745774
			29.6208708708709	8.14391849164167	29.6208708708709	5.53250633894194
			29.6223723723724	7.98223641080995	29.6223723723724	5.53225030042614
			29.6238738738739	7.82055432997868	29.6238738738739	5.53199426191034
			29.6253753753754	7.6588722491465	29.6253753753754	5.53173822339455
			29.6268768768769	7.49719016831523	29.6268768768769	5.53148218487875
			29.6283783783784	7.3355080874835	29.6283783783784	5.53122614636295
			29.6298798798799	7.17382600665223	29.6298798798799	5.53097010784715
			29.6313813813814	7.01214392582051	29.6313813813814	5.53071406933136
			29.6328828828829	6.85046184498924	29.6328828828829	5.53045803081556
			29.6343843843844	6.68877976415752	29.6343843843844	5.53020199229976
			29.6358858858859	6.52709768332579	29.6358858858859	5.52994595378396
			29.6373873873874	6.36541560249407	29.6373873873874	5.52968991526817
			29.6388888888889	6.2037335216628	29.6388888888889	5.52943387675237
			29.6403903903904	6.04205144083107	29.6403903903904	5.52917783823657
			29.6418918918919	5.88036935999935	29.6418918918919	5.52892179972077
			29.6433933933934	5.71868727916808	29.6433933933934	5.52866576120498
			29.6448948948949	5.55700519833636	29.6448948948949	5.52840972268918
			29.6463963963964	5.39532311750463	29.6463963963964	5.52815368417338
			29.6478978978979	5.23364103667291	29.6478978978979	5.52789764565758
			29.6493993993994	5.07195895584164	29.6493993993994	5.52764160714179
			29.6509009009009	4.91027687500991	29.6509009009009	5.52738556862599
			29.6524024024024	4.74859479417864	29.6524024024024	5.52712953011019
			29.6539039039039	4.58691271334692	29.6539039039039	5.52687349159439
			29.6554054054054	4.42523063251519	29.6554054054054	5.5266174530786
			29.6569069069069	4.26354855168347	29.6569069069069	5.5263614145628
			29.6584084084084	4.1018664708522	29.6584084084084	5.526105376047
			29.6599099099099	3.94018439002048	29.6599099099099	5.5258493375312
			29.6614114114114	3.77850230918921	29.6614114114114	5.52559329901541
			29.6629129129129	3.61682022835748	29.6629129129129	5.52533726049961
			29.6644144144144	3.45513814752621	29.6644144144144	5.52508122198381
			29.6659159159159	3.29345606669403	29.6659159159159	5.52482518346801
			29.6674174174174	3.13177398586276	29.6674174174174	5.52456914495222
			29.6689189189189	2.97009190503104	29.6689189189189	5.52431310643642
			29.6704204204204	2.80840982419977	29.6704204204204	5.52405706792062
			29.6719219219219	2.64672774336805	29.6719219219219	5.52380102940483
			29.6734234234234	2.48504566253678	29.6734234234234	5.52354499088903
			29.6749249249249	2.32336358170505	29.6749249249249	5.52328895237323
			29.6764264264264	2.16168150087333	29.6764264264264	5.52303291385743
			29.6779279279279	1.9999994200416	29.6779279279279	5.52277687534164
			29.6794294294294	1.83831733921033	29.6794294294294	5.52252083682584
			29.6809309309309	1.67663525837861	29.6809309309309	5.52226479831004
			29.6824324324324	1.51495317754689	29.6824324324324	5.52200875979424
			29.6839339339339	1.35327109671562	29.6839339339339	5.52175272127845
			29.6854354354354	1.19158901588389	29.6854354354354	5.52149668276265
			29.6869369369369	1.02990693505217	29.6869369369369	5.52124064424685
			29.6884384384384	0.868224854220443	29.6884384384384	5.52098460573105
			29.6899399399399	0.706542773389174	29.6899399399399	5.52072856721526
			29.6914414414414	0.54486069255745	29.6914414414414	5.52047252869946
			29.6929429429429	0.38317861172618	29.6929429429429	5.52021649018366
			29.6944444444444	0.221496530894456	29.6944444444444	5.51996045166786
			29.6959459459459	0.0598144500627313	29.6959459459459	5.51970441315207
			29.6974474474474	-0.101867630768993	29.6974474474474	5.51944837463627
			29.6989489489489	-0.263549711600263	29.6989489489489	5.51919233612047
			29.7004504504505	-0.425231792431987	29.7004504504505	5.51893629760467
			29.701951951952	-0.586913873263256	29.701951951952	5.51868025908888
			29.7034534534535	-0.748595954094981	29.7034534534535	5.51842422057308
			29.704954954955	-0.910278034926705	29.704954954955	5.51816818205728
			29.7064564564565	-1.07196011575843	29.7064564564565	5.51791214354148
			29.707957957958	-1.2336421965897	29.707957957958	5.51765610502569
			29.7094594594595	-1.39532427742142	29.7094594594595	5.51740006650989
			29.710960960961	-1.55700635825269	29.710960960961	5.51714402799409
			29.7124624624625	-1.71868843908442	29.7124624624625	5.51688798947829
			29.713963963964	-1.88037051991569	29.713963963964	5.5166319509625
			29.7154654654655	-2.04205260074787	29.7154654654655	5.5163759124467
			29.716966966967	-2.20373468157914	29.716966966967	5.5161198739309
			29.7184684684685	-2.36541676241086	29.7184684684685	5.5158638354151
			29.71996996997	-2.52709884324213	29.71996996997	5.51560779689931
			29.7214714714715	-2.68878092407385	29.7214714714715	5.51535175838351
			29.722972972973	-2.85046300490512	29.722972972973	5.51509571986771
			29.7244744744745	-3.01214508573685	29.7244744744745	5.51483968135191
			29.725975975976	-3.17382716656857	29.725975975976	5.51458364283612
			29.7274774774775	-3.3355092474003	29.7274774774775	5.51432760432032
			29.728978978979	-3.49719132823157	29.728978978979	5.51407156580452
			29.7304804804805	-3.65887340906329	29.7304804804805	5.51381552728872
			29.731981981982	-3.82055548989501	29.731981981982	5.51355948877293
			29.7334834834835	-3.98223757072628	29.7334834834835	5.51330345025713
			29.734984984985	-4.14391965155801	29.734984984985	5.51304741174133
			29.7364864864865	-4.30560173238973	29.7364864864865	5.51279137322553
			29.737987987988	-4.46728381322146	29.737987987988	5.51253533470974
			29.7394894894895	-4.62896589405273	29.7394894894895	5.51227929619394
			29.740990990991	-4.79064797488445	29.740990990991	5.51202325767814
			29.7424924924925	-4.95233005571572	29.7424924924925	5.51176721916235
			29.743993993994	-5.11401213654744	29.743993993994	5.51151118064655
			29.7454954954955	-5.27569421737917	29.7454954954955	5.51125514213075
			29.746996996997	-5.43737629821089	29.746996996997	5.51099910361495
			29.7484984984985	-5.59905837904216	29.7484984984985	5.51074306509916
			29.75	-5.76074045987389	29.75	5.51048702658336
