ln (n2d)	T0^(1/3)	-Seebeck	Independent Variable	Linear Fit of T0^(1/3)	Independent Variable	Linear Fit of -Seebeck
	K^(1/3)	\g(m)V/K		K^(1/3)		\g(m)V/K
ln (n2d)	T0^(1/3)	-Seebeck	ln (n2d)	Fit Curve of T0^(1/3)	ln (n2d)	Fit Curve of -Seebeck
28.449089657751	44.1397074508412	74.5424	28.3	47.3692086843809	28.3	78.1413862271199
28.7247955391561	35.2973309165969	70.735	28.3013013013013	47.3352141263343	28.3013013013013	78.1174178398694
28.9406839195891	30.3745632095793	67.0824	28.3026026026026	47.3012195682877	28.3026026026026	78.0934494526186
29.1181392867319	26.1690172382745	63.3807	28.3039039039039	47.2672250102413	28.3039039039039	78.069481065368
29.2687995616194	22.6200985485414	60.5354	28.3052052052052	47.2332304521948	28.3052052052052	78.0455126781175
29.3997051321662	18.6663832156505	57.6411	28.3065065065065	47.1992358941482	28.3065065065065	78.0215442908667
29.5154410842009	15.4276895439494	55.1464	28.3078078078078	47.1652413361016	28.3078078078078	77.9975759036162
			28.3091091091091	47.1312467780552	28.3091091091091	77.9736075163655
			28.3104104104104	47.0972522200086	28.3104104104104	77.9496391291149
			28.3117117117117	47.0632576619621	28.3117117117117	77.9256707418642
			28.313013013013	47.0292631039156	28.313013013013	77.9017023546136
			28.3143143143143	46.9952685458691	28.3143143143143	77.8777339673629
			28.3156156156156	46.9612739878226	28.3156156156156	77.8537655801123
			28.3169169169169	46.927279429776	28.3169169169169	77.8297971928616
			28.3182182182182	46.8932848717295	28.3182182182182	77.805828805611
			28.3195195195195	46.859290313683	28.3195195195195	77.7818604183603
			28.3208208208208	46.8252957556365	28.3208208208208	77.7578920311098
			28.3221221221221	46.7913011975899	28.3221221221221	77.733923643859
			28.3234234234234	46.7573066395435	28.3234234234234	77.7099552566084
			28.3247247247247	46.7233120814969	28.3247247247247	77.6859868693579
			28.326026026026	46.6893175234503	28.326026026026	77.6620184821071
			28.3273273273273	46.6553229654039	28.3273273273273	77.6380500948566
			28.3286286286286	46.6213284073574	28.3286286286286	77.6140817076059
			28.3299299299299	46.5873338493108	28.3299299299299	77.5901133203553
			28.3312312312312	46.5533392912643	28.3312312312312	77.5661449331046
			28.3325325325325	46.5193447332178	28.3325325325325	77.542176545854
			28.3338338338338	46.4853501751712	28.3338338338338	77.5182081586033
			28.3351351351351	46.4513556171247	28.3351351351351	77.4942397713527
			28.3364364364364	46.4173610590782	28.3364364364364	77.470271384102
			28.3377377377377	46.3833665010317	28.3377377377377	77.4463029968514
			28.339039039039	46.3493719429852	28.339039039039	77.4223346096007
			28.3403403403403	46.3153773849386	28.3403403403403	77.3983662223501
			28.3416416416416	46.2813828268921	28.3416416416416	77.3743978350994
			28.3429429429429	46.2473882688456	28.3429429429429	77.3504294478488
			28.3442442442442	46.2133937107991	28.3442442442442	77.3264610605983
			28.3455455455455	46.1793991527525	28.3455455455455	77.3024926733475
			28.3468468468468	46.1454045947061	28.3468468468468	77.278524286097
			28.3481481481481	46.1114100366595	28.3481481481481	77.2545558988463
			28.3494494494495	46.0774154786129	28.3494494494495	77.2305875115957
			28.3507507507508	46.0434209205665	28.3507507507508	77.206619124345
			28.3520520520521	46.00942636252	28.3520520520521	77.1826507370944
			28.3533533533534	45.9754318044734	28.3533533533534	77.1586823498437
			28.3546546546547	45.9414372464269	28.3546546546547	77.1347139625931
			28.355955955956	45.9074426883805	28.355955955956	77.1107455753424
			28.3572572572573	45.8734481303338	28.3572572572573	77.0867771880918
			28.3585585585586	45.8394535722873	28.3585585585586	77.0628088008411
			28.3598598598599	45.8054590142408	28.3598598598599	77.0388404135905
			28.3611611611612	45.7714644561943	28.3611611611612	77.0148720263398
			28.3624624624625	45.7374698981478	28.3624624624625	76.9909036390892
			28.3637637637638	45.7034753401012	28.3637637637638	76.9669352518387
			28.3650650650651	45.6694807820547	28.3650650650651	76.9429668645879
			28.3663663663664	45.6354862240082	28.3663663663664	76.9189984773374
			28.3676676676677	45.6014916659617	28.3676676676677	76.8950300900867
			28.368968968969	45.5674971079151	28.368968968969	76.871061702836
			28.3702702702703	45.5335025498687	28.3702702702703	76.8470933155854
			28.3715715715716	45.4995079918222	28.3715715715716	76.8231249283348
			28.3728728728729	45.4655134337755	28.3728728728729	76.7991565410841
			28.3741741741742	45.4315188757291	28.3741741741742	76.7751881538335
			28.3754754754755	45.3975243176826	28.3754754754755	76.7512197665828
			28.3767767767768	45.3635297596361	28.3767767767768	76.7272513793322
			28.3780780780781	45.3295352015895	28.3780780780781	76.7032829920815
			28.3793793793794	45.2955406435431	28.3793793793794	76.6793146048309
			28.3806806806807	45.2615460854965	28.3806806806807	76.6553462175804
			28.381981981982	45.2275515274499	28.381981981982	76.6313778303296
			28.3832832832833	45.1935569694034	28.3832832832833	76.6074094430791
			28.3845845845846	45.159562411357	28.3845845845846	76.5834410558284
			28.3858858858859	45.1255678533104	28.3858858858859	76.5594726685777
			28.3871871871872	45.0915732952639	28.3871871871872	76.5355042813271
			28.3884884884885	45.0575787372173	28.3884884884885	76.5115358940765
			28.3897897897898	45.0235841791708	28.3897897897898	76.4875675068258
			28.3910910910911	44.9895896211243	28.3910910910911	76.4635991195752
			28.3923923923924	44.9555950630778	28.3923923923924	76.4396307323245
			28.3936936936937	44.9216005050313	28.3936936936937	76.4156623450739
			28.394994994995	44.8876059469848	28.394994994995	76.3916939578232
			28.3962962962963	44.8536113889382	28.3962962962963	76.3677255705726
			28.3975975975976	44.8196168308917	28.3975975975976	76.3437571833219
			28.3988988988989	44.7856222728452	28.3988988988989	76.3197887960713
			28.4002002002002	44.7516277147987	28.4002002002002	76.2958204088208
			28.4015015015015	44.7176331567521	28.4015015015015	76.27185202157
			28.4028028028028	44.6836385987057	28.4028028028028	76.2478836343195
			28.4041041041041	44.6496440406592	28.4041041041041	76.2239152470688
			28.4054054054054	44.6156494826125	28.4054054054054	76.1999468598181
			28.4067067067067	44.581654924566	28.4067067067067	76.1759784725675
			28.408008008008	44.5476603665196	28.408008008008	76.1520100853169
			28.4093093093093	44.513665808473	28.4093093093093	76.1280416980662
			28.4106106106106	44.4796712504265	28.4106106106106	76.1040733108156
			28.4119119119119	44.4456766923799	28.4119119119119	76.0801049235649
			28.4132132132132	44.4116821343334	28.4132132132132	76.0561365363143
			28.4145145145145	44.3776875762869	28.4145145145145	76.0321681490636
			28.4158158158158	44.3436930182404	28.4158158158158	76.008199761813
			28.4171171171171	44.3096984601939	28.4171171171171	75.9842313745623
			28.4184184184184	44.2757039021474	28.4184184184184	75.9602629873117
			28.4197197197197	44.2417093441009	28.4197197197197	75.9362946000612
			28.421021021021	44.2077147860543	28.421021021021	75.9123262128104
			28.4223223223223	44.1737202280078	28.4223223223223	75.8883578255598
			28.4236236236236	44.1397256699613	28.4236236236236	75.8643894383092
			28.4249249249249	44.1057311119147	28.4249249249249	75.8404210510585
			28.4262262262262	44.0717365538683	28.4262262262262	75.8164526638079
			28.4275275275275	44.0377419958218	28.4275275275275	75.7924842765573
			28.4288288288288	44.0037474377751	28.4288288288288	75.7685158893066
			28.4301301301301	43.9697528797286	28.4301301301301	75.744547502056
			28.4314314314314	43.9357583216822	28.4314314314314	75.7205791148053
			28.4327327327327	43.9017637636356	28.4327327327327	75.6966107275547
			28.434034034034	43.8677692055891	28.434034034034	75.672642340304
			28.4353353353353	43.8337746475426	28.4353353353353	75.6486739530534
			28.4366366366366	43.799780089496	28.4366366366366	75.6247055658027
			28.4379379379379	43.7657855314495	28.4379379379379	75.6007371785521
			28.4392392392392	43.731790973403	28.4392392392392	75.5767687913014
			28.4405405405405	43.6977964153565	28.4405405405405	75.5528004040508
			28.4418418418418	43.66380185731	28.4418418418418	75.5288320168002
			28.4431431431431	43.6298072992635	28.4431431431431	75.5048636295496
			28.4444444444444	43.5958127412169	28.4444444444444	75.4808952422989
			28.4457457457457	43.5618181831704	28.4457457457457	75.4569268550483
			28.447047047047	43.5278236251239	28.447047047047	75.4329584677977
			28.4483483483484	43.4938290670773	28.4483483483484	75.408990080547
			28.4496496496497	43.4598345090309	28.4496496496497	75.3850216932964
			28.450950950951	43.4258399509844	28.450950950951	75.3610533060457
			28.4522522522523	43.3918453929377	28.4522522522523	75.3370849187951
			28.4535535535536	43.3578508348912	28.4535535535536	75.3131165315444
			28.4548548548549	43.3238562768448	28.4548548548549	75.2891481442938
			28.4561561561562	43.2898617187982	28.4561561561562	75.2651797570431
			28.4574574574575	43.2558671607517	28.4574574574575	75.2412113697925
			28.4587587587588	43.2218726027052	28.4587587587588	75.2172429825418
			28.4600600600601	43.1878780446586	28.4600600600601	75.1932745952912
			28.4613613613614	43.1538834866121	28.4613613613614	75.1693062080406
			28.4626626626627	43.1198889285656	28.4626626626627	75.14533782079
			28.463963963964	43.0858943705191	28.463963963964	75.1213694335393
			28.4652652652653	43.0518998124726	28.4652652652653	75.0974010462887
			28.4665665665666	43.0179052544261	28.4665665665666	75.0734326590381
			28.4678678678679	42.9839106963796	28.4678678678679	75.0494642717873
			28.4691691691692	42.949916138333	28.4691691691692	75.0254958845368
			28.4704704704705	42.9159215802865	28.4704704704705	75.0015274972861
			28.4717717717718	42.8819270222399	28.4717717717718	74.9775591100355
			28.4730730730731	42.8479324641935	28.4730730730731	74.9535907227848
			28.4743743743744	42.813937906147	28.4743743743744	74.9296223355342
			28.4756756756757	42.7799433481003	28.4756756756757	74.9056539482835
			28.476976976977	42.7459487900538	28.476976976977	74.8816855610329
			28.4782782782783	42.7119542320074	28.4782782782783	74.8577171737822
			28.4795795795796	42.6779596739608	28.4795795795796	74.8337487865316
			28.4808808808809	42.6439651159143	28.4808808808809	74.809780399281
			28.4821821821822	42.6099705578678	28.4821821821822	74.7858120120304
			28.4834834834835	42.5759759998213	28.4834834834835	74.7618436247797
			28.4847847847848	42.5419814417747	28.4847847847848	74.7378752375291
			28.4860860860861	42.5079868837282	28.4860860860861	74.7139068502785
			28.4873873873874	42.4739923256817	28.4873873873874	74.6899384630277
			28.4886886886887	42.4399977676352	28.4886886886887	74.6659700757772
			28.48998998999	42.4060032095887	28.48998998999	74.6420016885265
			28.4912912912913	42.3720086515422	28.4912912912913	74.6180333012759
			28.4925925925926	42.3380140934956	28.4925925925926	74.5940649140252
			28.4938938938939	42.3040195354491	28.4938938938939	74.5700965267746
			28.4951951951952	42.2700249774025	28.4951951951952	74.5461281395239
			28.4964964964965	42.2360304193561	28.4964964964965	74.5221597522733
			28.4977977977978	42.2020358613096	28.4977977977978	74.4981913650226
			28.4990990990991	42.168041303263	28.4990990990991	74.474222977772
			28.5004004004004	42.1340467452164	28.5004004004004	74.4502545905214
			28.5017017017017	42.10005218717	28.5017017017017	74.4262862032708
			28.503003003003	42.0660576291234	28.503003003003	74.4023178160201
			28.5043043043043	42.0320630710769	28.5043043043043	74.3783494287694
			28.5056056056056	41.9980685130304	28.5056056056056	74.3543810415189
			28.5069069069069	41.9640739549839	28.5069069069069	74.3304126542681
			28.5082082082082	41.9300793969373	28.5082082082082	74.3064442670176
			28.5095095095095	41.8960848388908	28.5095095095095	74.2824758797669
			28.5108108108108	41.8620902808443	28.5108108108108	74.2585074925163
			28.5121121121121	41.8280957227978	28.5121121121121	74.2345391052656
			28.5134134134134	41.7941011647513	28.5134134134134	74.210570718015
			28.5147147147147	41.7601066067048	28.5147147147147	74.1866023307643
			28.516016016016	41.7261120486583	28.516016016016	74.1626339435137
			28.5173173173173	41.6921174906117	28.5173173173173	74.138665556263
			28.5186186186186	41.6581229325652	28.5186186186186	74.1146971690125
			28.5199199199199	41.6241283745187	28.5199199199199	74.0907287817618
			28.5212212212212	41.5901338164722	28.5212212212212	74.0667603945111
			28.5225225225225	41.5561392584257	28.5225225225225	74.0427920072606
			28.5238238238238	41.522144700379	28.5238238238238	74.0188236200098
			28.5251251251251	41.4881501423326	28.5251251251251	73.9948552327593
			28.5264264264264	41.4541555842861	28.5264264264264	73.9708868455086
			28.5277277277277	41.4201610262395	28.5277277277277	73.946918458258
			28.529029029029	41.386166468193	28.529029029029	73.9229500710073
			28.5303303303303	41.3521719101466	28.5303303303303	73.8989816837567
			28.5316316316316	41.3181773521	28.5316316316316	73.875013296506
			28.5329329329329	41.2841827940534	28.5329329329329	73.8510449092554
			28.5342342342342	41.250188236007	28.5342342342342	73.8270765220047
			28.5355355355355	41.2161936779604	28.5355355355355	73.8031081347541
			28.5368368368368	41.1821991199139	28.5368368368368	73.7791397475035
			28.5381381381381	41.1482045618674	28.5381381381381	73.7551713602528
			28.5394394394394	41.1142100038209	28.5394394394394	73.7312029730022
			28.5407407407407	41.0802154457743	28.5407407407407	73.7072345857515
			28.542042042042	41.0462208877278	28.542042042042	73.683266198501
			28.5433433433433	41.0122263296813	28.5433433433433	73.6592978112502
			28.5446446446446	40.9782317716348	28.5446446446446	73.6353294239997
			28.5459459459459	40.9442372135883	28.5459459459459	73.611361036749
			28.5472472472472	40.9102426555417	28.5472472472472	73.5873926494984
			28.5485485485485	40.8762480974953	28.5485485485485	73.5634242622477
			28.5498498498498	40.8422535394487	28.5498498498498	73.5394558749971
			28.5511511511512	40.8082589814021	28.5511511511512	73.5154874877464
			28.5524524524525	40.7742644233556	28.5524524524525	73.4915191004958
			28.5537537537538	40.7402698653092	28.5537537537538	73.4675507132451
			28.5550550550551	40.7062753072626	28.5550550550551	73.4435823259945
			28.5563563563564	40.672280749216	28.5563563563564	73.4196139387439
			28.5576576576577	40.6382861911696	28.5576576576577	73.3956455514932
			28.558958958959	40.604291633123	28.558958958959	73.3716771642426
			28.5602602602603	40.5702970750765	28.5602602602603	73.3477087769919
			28.5615615615616	40.53630251703	28.5615615615616	73.3237403897414
			28.5628628628629	40.5023079589835	28.5628628628629	73.2997720024906
			28.5641641641642	40.468313400937	28.5641641641642	73.2758036152401
			28.5654654654655	40.4343188428904	28.5654654654655	73.2518352279894
			28.5667667667668	40.4003242848439	28.5667667667668	73.2278668407388
			28.5680680680681	40.3663297267974	28.5680680680681	73.2038984534881
			28.5693693693694	40.3323351687509	28.5693693693694	73.1799300662375
			28.5706706706707	40.2983406107043	28.5706706706707	73.1559616789868
			28.571971971972	40.2643460526579	28.571971971972	73.1319932917362
			28.5732732732733	40.2303514946113	28.5732732732733	73.1080249044855
			28.5745745745746	40.1963569365647	28.5745745745746	73.0840565172349
			28.5758758758759	40.1623623785182	28.5758758758759	73.0600881299843
			28.5771771771772	40.1283678204718	28.5771771771772	73.0361197427336
			28.5784784784785	40.0943732624252	28.5784784784785	73.012151355483
			28.5797797797798	40.0603787043787	28.5797797797798	72.9881829682323
			28.5810810810811	40.0263841463322	28.5810810810811	72.9642145809818
			28.5823823823824	39.9923895882856	28.5823823823824	72.940246193731
			28.5836836836837	39.9583950302391	28.5836836836837	72.9162778064805
			28.584984984985	39.9244004721926	28.584984984985	72.8923094192298
			28.5862862862863	39.8904059141461	28.5862862862863	72.8683410319791
			28.5875875875876	39.8564113560996	28.5875875875876	72.8443726447285
			28.5888888888889	39.822416798053	28.5888888888889	72.8204042574779
			28.5901901901902	39.7884222400065	28.5901901901902	72.7964358702272
			28.5914914914915	39.75442768196	28.5914914914915	72.7724674829766
			28.5927927927928	39.7204331239135	28.5927927927928	72.7484990957259
			28.5940940940941	39.6864385658669	28.5940940940941	72.7245307084753
			28.5953953953954	39.6524440078205	28.5953953953954	72.7005623212247
			28.5966966966967	39.6184494497739	28.5966966966967	72.676593933974
			28.597997997998	39.5844548917273	28.597997997998	72.6526255467234
			28.5992992992993	39.5504603336808	28.5992992992993	72.6286571594727
			28.6006006006006	39.5164657756344	28.6006006006006	72.6046887722222
			28.6019019019019	39.4824712175878	28.6019019019019	72.5807203849714
			28.6032032032032	39.4484766595413	28.6032032032032	72.5567519977208
			28.6045045045045	39.4144821014949	28.6045045045045	72.5327836104702
			28.6058058058058	39.3804875434482	28.6058058058058	72.5088152232195
			28.6071071071071	39.3464929854017	28.6071071071071	72.4848468359689
			28.6084084084084	39.3124984273552	28.6084084084084	72.4608784487183
			28.6097097097097	39.2785038693087	28.6097097097097	72.4369100614676
			28.611011011011	39.2445093112622	28.611011011011	72.412941674217
			28.6123123123123	39.2105147532156	28.6123123123123	72.3889732869663
			28.6136136136136	39.1765201951691	28.6136136136136	72.3650048997157
			28.6149149149149	39.1425256371226	28.6149149149149	72.3410365124651
			28.6162162162162	39.1085310790761	28.6162162162162	72.3170681252144
			28.6175175175175	39.0745365210295	28.6175175175175	72.2930997379638
			28.6188188188188	39.0405419629831	28.6188188188188	72.2691313507131
			28.6201201201201	39.0065474049366	28.6201201201201	72.2451629634625
			28.6214214214214	38.9725528468899	28.6214214214214	72.2211945762118
			28.6227227227227	38.9385582888434	28.6227227227227	72.1972261889612
			28.624024024024	38.904563730797	28.624024024024	72.1732578017106
			28.6253253253253	38.8705691727504	28.6253253253253	72.1492894144599
			28.6266266266266	38.8365746147039	28.6266266266266	72.1253210272093
			28.6279279279279	38.8025800566575	28.6279279279279	72.1013526399587
			28.6292292292292	38.7685854986108	28.6292292292292	72.077384252708
			28.6305305305305	38.7345909405643	28.6305305305305	72.0534158654574
			28.6318318318318	38.7005963825178	28.6318318318318	72.0294474782067
			28.6331331331331	38.6666018244713	28.6331331331331	72.0054790909561
			28.6344344344344	38.6326072664248	28.6344344344344	71.9815107037055
			28.6357357357357	38.5986127083783	28.6357357357357	71.9575423164548
			28.637037037037	38.5646181503317	28.637037037037	71.9335739292042
			28.6383383383383	38.5306235922852	28.6383383383383	71.9096055419535
			28.6396396396396	38.4966290342387	28.6396396396396	71.8856371547029
			28.6409409409409	38.4626344761921	28.6409409409409	71.8616687674522
			28.6422422422422	38.4286399181457	28.6422422422422	71.8377003802016
			28.6435435435435	38.3946453600992	28.6435435435435	71.813731992951
			28.6448448448448	38.3606508020525	28.6448448448448	71.7897636057003
			28.6461461461461	38.326656244006	28.6461461461461	71.7657952184497
			28.6474474474474	38.2926616859596	28.6474474474474	71.7418268311991
			28.6487487487488	38.258667127913	28.6487487487488	71.7178584439484
			28.6500500500501	38.2246725698665	28.6500500500501	71.6938900566978
			28.6513513513514	38.1906780118201	28.6513513513514	71.6699216694471
			28.6526526526527	38.1566834537734	28.6526526526527	71.6459532821965
			28.653953953954	38.1226888957269	28.653953953954	71.6219848949459
			28.6552552552553	38.0886943376804	28.6552552552553	71.5980165076952
			28.6565565565566	38.0546997796339	28.6565565565566	71.5740481204446
			28.6578578578579	38.0207052215874	28.6578578578579	71.5500797331939
			28.6591591591592	37.9867106635409	28.6591591591592	71.5261113459433
			28.6604604604605	37.9527161054943	28.6604604604605	71.5021429586926
			28.6617617617618	37.9187215474478	28.6617617617618	71.478174571442
			28.6630630630631	37.8847269894013	28.6630630630631	71.4542061841914
			28.6643643643644	37.8507324313548	28.6643643643644	71.4302377969408
			28.6656656656657	37.8167378733083	28.6656656656657	71.4062694096901
			28.666966966967	37.7827433152618	28.666966966967	71.3823010224395
			28.6682682682683	37.7487487572153	28.6682682682683	71.3583326351888
			28.6695695695696	37.7147541991686	28.6695695695696	71.3343642479382
			28.6708708708709	37.6807596411222	28.6708708708709	71.3103958606875
			28.6721721721722	37.6467650830757	28.6721721721722	71.2864274734369
			28.6734734734735	37.6127705250291	28.6734734734735	71.2624590861863
			28.6747747747748	37.5787759669827	28.6747747747748	71.2384906989356
			28.6760760760761	37.5447814089362	28.6760760760761	71.214522311685
			28.6773773773774	37.5107868508895	28.6773773773774	71.1905539244343
			28.6786786786787	37.476792292843	28.6786786786787	71.1665855371837
			28.67997997998	37.4427977347966	28.67997997998	71.1426171499331
			28.6812812812813	37.40880317675	28.6812812812813	71.1186487626824
			28.6825825825826	37.3748086187035	28.6825825825826	71.0946803754318
			28.6838838838839	37.340814060657	28.6838838838839	71.0707119881812
			28.6851851851852	37.3068195026104	28.6851851851852	71.0467436009304
			28.6864864864865	37.2728249445639	28.6864864864865	71.0227752136799
			28.6877877877878	37.2388303865174	28.6877877877878	70.9988068264292
			28.6890890890891	37.2048358284709	28.6890890890891	70.9748384391786
			28.6903903903904	37.1708412704244	28.6903903903904	70.950870051928
			28.6916916916917	37.1368467123779	28.6916916916917	70.9269016646773
			28.692992992993	37.1028521543312	28.692992992993	70.9029332774267
			28.6942942942943	37.0688575962848	28.6942942942943	70.878964890176
			28.6955955955956	37.0348630382383	28.6955955955956	70.8549965029254
			28.6968968968969	37.0008684801917	28.6968968968969	70.8310281156747
			28.6981981981982	36.9668739221453	28.6981981981982	70.8070597284241
			28.6994994994995	36.9328793640988	28.6994994994995	70.7830913411735
			28.7008008008008	36.8988848060521	28.7008008008008	70.7591229539228
			28.7021021021021	36.8648902480056	28.7021021021021	70.7351545666721
			28.7034034034034	36.8308956899592	28.7034034034034	70.7111861794216
			28.7047047047047	36.7969011319126	28.7047047047047	70.6872177921708
			28.706006006006	36.7629065738661	28.706006006006	70.6632494049203
			28.7073073073073	36.7289120158196	28.7073073073073	70.6392810176696
			28.7086086086086	36.694917457773	28.7086086086086	70.615312630419
			28.7099099099099	36.6609228997265	28.7099099099099	70.5913442431684
			28.7112112112112	36.62692834168	28.7112112112112	70.5673758559177
			28.7125125125125	36.5929337836335	28.7125125125125	70.5434074686671
			28.7138138138138	36.558939225587	28.7138138138138	70.5194390814164
			28.7151151151151	36.5249446675405	28.7151151151151	70.4954706941658
			28.7164164164164	36.4909501094938	28.7164164164164	70.4715023069151
			28.7177177177177	36.4569555514474	28.7177177177177	70.4475339196645
			28.719019019019	36.4229609934009	28.719019019019	70.4235655324139
			28.7203203203203	36.3889664353543	28.7203203203203	70.3995971451632
			28.7216216216216	36.3549718773079	28.7216216216216	70.3756287579125
			28.7229229229229	36.3209773192614	28.7229229229229	70.351660370662
			28.7242242242242	36.2869827612147	28.7242242242242	70.3276919834112
			28.7255255255255	36.2529882031682	28.7255255255255	70.3037235961607
			28.7268268268268	36.2189936451218	28.7268268268268	70.27975520891
			28.7281281281281	36.1849990870752	28.7281281281281	70.2557868216594
			28.7294294294294	36.1510045290287	28.7294294294294	70.2318184344088
			28.7307307307307	36.1170099709822	28.7307307307307	70.2078500471581
			28.732032032032	36.0830154129357	28.732032032032	70.1838816599075
			28.7333333333333	36.0490208548891	28.7333333333333	70.1599132726568
			28.7346346346346	36.0150262968426	28.7346346346346	70.1359448854062
			28.7359359359359	35.9810317387961	28.7359359359359	70.1119764981555
			28.7372372372372	35.9470371807496	28.7372372372372	70.0880081109049
			28.7385385385385	35.9130426227031	28.7385385385385	70.0640397236542
			28.7398398398398	35.8790480646564	28.7398398398398	70.0400713364036
			28.7411411411411	35.84505350661	28.7411411411411	70.0161029491529
			28.7424424424424	35.8110589485635	28.7424424424424	69.9921345619024
			28.7437437437437	35.7770643905169	28.7437437437437	69.9681661746516
			28.745045045045	35.7430698324705	28.745045045045	69.9441977874011
			28.7463463463463	35.709075274424	28.7463463463463	69.9202294001504
			28.7476476476477	35.6750807163774	28.7476476476477	69.8962610128998
			28.748948948949	35.6410861583308	28.748948948949	69.8722926256492
			28.7502502502503	35.6070916002844	28.7502502502503	69.8483242383985
			28.7515515515516	35.5730970422378	28.7515515515516	69.8243558511479
			28.7528528528529	35.5391024841913	28.7528528528529	69.8003874638972
			28.7541541541542	35.5051079261448	28.7541541541542	69.7764190766466
			28.7554554554555	35.4711133680983	28.7554554554555	69.7524506893959
			28.7567567567568	35.4371188100517	28.7567567567568	69.7284823021453
			28.7580580580581	35.4031242520052	28.7580580580581	69.7045139148946
			28.7593593593594	35.3691296939587	28.7593593593594	69.680545527644
			28.7606606606607	35.3351351359122	28.7606606606607	69.6565771403933
			28.761961961962	35.3011405778657	28.761961961962	69.6326087531428
			28.7632632632633	35.2671460198191	28.7632632632633	69.608640365892
			28.7645645645646	35.2331514617727	28.7645645645646	69.5846719786415
			28.7658658658659	35.1991569037261	28.7658658658659	69.5607035913908
			28.7671671671672	35.1651623456795	28.7671671671672	69.5367352041401
			28.7684684684685	35.1311677876331	28.7684684684685	69.5127668168896
			28.7697697697698	35.0971732295866	28.7697697697698	69.4887984296389
			28.7710710710711	35.06317867154	28.7710710710711	69.4648300423883
			28.7723723723724	35.0291841134934	28.7723723723724	69.4408616551376
			28.7736736736737	34.995189555447	28.7736736736737	69.416893267887
			28.774974974975	34.9611949974004	28.774974974975	69.3929248806363
			28.7762762762763	34.9272004393539	28.7762762762763	69.3689564933857
			28.7775775775776	34.8932058813074	28.7775775775776	69.344988106135
			28.7788788788789	34.8592113232609	28.7788788788789	69.3210197188844
			28.7801801801802	34.8252167652144	28.7801801801802	69.2970513316337
			28.7814814814815	34.7912222071678	28.7814814814815	69.2730829443832
			28.7827827827828	34.7572276491213	28.7827827827828	69.2491145571324
			28.7840840840841	34.7232330910748	28.7840840840841	69.2251461698818
			28.7853853853854	34.6892385330283	28.7853853853854	69.2011777826312
			28.7866866866867	34.6552439749817	28.7866866866867	69.1772093953805
			28.787987987988	34.6212494169353	28.787987987988	69.15324100813
			28.7892892892893	34.5872548588887	28.7892892892893	69.1292726208793
			28.7905905905906	34.5532603008421	28.7905905905906	69.1053042336287
			28.7918918918919	34.5192657427957	28.7918918918919	69.081335846378
			28.7931931931932	34.4852711847492	28.7931931931932	69.0573674591274
			28.7944944944945	34.4512766267026	28.7944944944945	69.0333990718767
			28.7957957957958	34.4172820686561	28.7957957957958	69.0094306846261
			28.7970970970971	34.3832875106096	28.7970970970971	68.9854622973754
			28.7983983983984	34.349292952563	28.7983983983984	68.9614939101248
			28.7996996996997	34.3152983945165	28.7996996996997	68.9375255228741
			28.801001001001	34.28130383647	28.801001001001	68.9135571356236
			28.8023023023023	34.2473092784236	28.8023023023023	68.8895887483729
			28.8036036036036	34.213314720377	28.8036036036036	68.8656203611222
			28.8049049049049	34.1793201623304	28.8049049049049	68.8416519738716
			28.8062062062062	34.1453256042839	28.8062062062062	68.817683586621
			28.8075075075075	34.1113310462374	28.8075075075075	68.7937151993704
			28.8088088088088	34.0773364881909	28.8088088088088	68.7697468121197
			28.8101101101101	34.0433419301444	28.8101101101101	68.7457784248691
			28.8114114114114	34.0093473720979	28.8114114114114	68.7218100376184
			28.8127127127127	33.9753528140513	28.8127127127127	68.6978416503678
			28.814014014014	33.9413582560048	28.814014014014	68.6738732631171
			28.8153153153153	33.9073636979583	28.8153153153153	68.6499048758665
			28.8166166166166	33.8733691399118	28.8166166166166	68.6259364886158
			28.8179179179179	33.8393745818653	28.8179179179179	68.6019681013653
			28.8192192192192	33.8053800238187	28.8192192192192	68.5779997141145
			28.8205205205205	33.7713854657723	28.8205205205205	68.5540313268639
			28.8218218218218	33.7373909077257	28.8218218218218	68.5300629396133
			28.8231231231231	33.7033963496791	28.8231231231231	68.5060945523626
			28.8244244244244	33.6694017916326	28.8244244244244	68.482126165112
			28.8257257257257	33.6354072335862	28.8257257257257	68.4581577778614
			28.827027027027	33.6014126755396	28.827027027027	68.4341893906108
			28.8283283283283	33.567418117493	28.8283283283283	68.4102210033601
			28.8296296296296	33.5334235594465	28.8296296296296	68.3862526161095
			28.8309309309309	33.4994290014	28.8309309309309	68.3622842288588
			28.8322322322322	33.4654344433535	28.8322322322322	68.3383158416082
			28.8335335335335	33.431439885307	28.8335335335335	68.3143474543575
			28.8348348348348	33.3974453272605	28.8348348348348	68.2903790671069
			28.8361361361361	33.363450769214	28.8361361361361	68.2664106798562
			28.8374374374374	33.3294562111674	28.8374374374374	68.2424422926056
			28.8387387387387	33.2954616531209	28.8387387387387	68.2184739053549
			28.84004004004	33.2614670950744	28.84004004004	68.1945055181043
			28.8413413413413	33.2274725370279	28.8413413413413	68.1705371308537
			28.8426426426426	33.1934779789813	28.8426426426426	68.146568743603
			28.8439439439439	33.1594834209349	28.8439439439439	68.1226003563525
			28.8452452452452	33.1254888628883	28.8452452452452	68.0986319691018
			28.8465465465465	33.0914943048417	28.8465465465465	68.0746635818512
			28.8478478478478	33.0574997467952	28.8478478478478	68.0506951946005
			28.8491491491491	33.0235051887488	28.8491491491491	68.0267268073499
			28.8504504504505	32.9895106307022	28.8504504504505	68.0027584200992
			28.8517517517518	32.9555160726557	28.8517517517518	67.9787900328486
			28.8530530530531	32.9215215146091	28.8530530530531	67.9548216455979
			28.8543543543544	32.8875269565626	28.8543543543544	67.9308532583473
			28.8556556556557	32.8535323985161	28.8556556556557	67.9068848710966
			28.856956956957	32.8195378404696	28.856956956957	67.882916483846
			28.8582582582583	32.7855432824231	28.8582582582583	67.8589480965953
			28.8595595595596	32.7515487243766	28.8595595595596	67.8349797093447
			28.8608608608609	32.71755416633	28.8608608608609	67.8110113220941
			28.8621621621622	32.6835596082835	28.8621621621622	67.7870429348434
			28.8634634634635	32.649565050237	28.8634634634635	67.7630745475929
			28.8647647647648	32.6155704921905	28.8647647647648	67.7391061603422
			28.8660660660661	32.5815759341439	28.8660660660661	67.7151377730914
			28.8673673673674	32.5475813760975	28.8673673673674	67.6911693858409
			28.8686686686687	32.513586818051	28.8686686686687	67.6672009985903
			28.86996996997	32.4795922600043	28.86996996997	67.6432326113396
			28.8712712712713	32.4455977019578	28.8712712712713	67.619264224089
			28.8725725725726	32.4116031439114	28.8725725725726	67.5952958368383
			28.8738738738739	32.3776085858648	28.8738738738739	67.5713274495877
			28.8751751751752	32.3436140278183	28.8751751751752	67.547359062337
			28.8764764764765	32.3096194697717	28.8764764764765	67.5233906750864
			28.8777777777778	32.2756249117252	28.8777777777778	67.4994222878357
			28.8790790790791	32.2416303536787	28.8790790790791	67.4754539005851
			28.8803803803804	32.2076357956322	28.8803803803804	67.4514855133345
			28.8816816816817	32.1736412375857	28.8816816816817	67.4275171260838
			28.882982982983	32.1396466795392	28.882982982983	67.4035487388333
			28.8842842842843	32.1056521214927	28.8842842842843	67.3795803515826
			28.8855855855856	32.0716575634461	28.8855855855856	67.3556119643318
			28.8868868868869	32.0376630053996	28.8868868868869	67.3316435770813
			28.8881881881882	32.0036684473531	28.8881881881882	67.3076751898307
			28.8894894894895	31.9696738893065	28.8894894894895	67.28370680258
			28.8907907907908	31.9356793312601	28.8907907907908	67.2597384153294
			28.8920920920921	31.9016847732136	28.8920920920921	67.2357700280787
			28.8933933933934	31.8676902151669	28.8933933933934	67.2118016408281
			28.8946946946947	31.8336956571204	28.8946946946947	67.1878332535774
			28.895995995996	31.799701099074	28.895995995996	67.1638648663268
			28.8972972972973	31.7657065410274	28.8972972972973	67.1398964790761
			28.8985985985986	31.7317119829809	28.8985985985986	67.1159280918255
			28.8998998998999	31.6977174249344	28.8998998998999	67.0919597045749
			28.9012012012012	31.6637228668878	28.9012012012012	67.0679913173242
			28.9025025025025	31.6297283088413	28.9025025025025	67.0440229300735
			28.9038038038038	31.5957337507948	28.9038038038038	67.020054542823
			28.9051051051051	31.5617391927483	28.9051051051051	66.9960861555722
			28.9064064064064	31.5277446347018	28.9064064064064	66.9721177683217
			28.9077077077077	31.4937500766553	28.9077077077077	66.9481493810711
			28.909009009009	31.4597555186087	28.909009009009	66.9241809938204
			28.9103103103103	31.4257609605622	28.9103103103103	66.9002126065698
			28.9116116116116	31.3917664025157	28.9116116116116	66.8762442193191
			28.9129129129129	31.3577718444691	28.9129129129129	66.8522758320685
			28.9142142142142	31.3237772864227	28.9142142142142	66.8283074448178
			28.9155155155155	31.2897827283762	28.9155155155155	66.8043390575672
			28.9168168168168	31.2557881703295	28.9168168168168	66.7803706703165
			28.9181181181181	31.221793612283	28.9181181181181	66.7564022830659
			28.9194194194194	31.1877990542366	28.9194194194194	66.7324338958152
			28.9207207207207	31.15380449619	28.9207207207207	66.7084655085646
			28.922022022022	31.1198099381435	28.922022022022	66.6844971213139
			28.9233233233233	31.085815380097	28.9233233233233	66.6605287340634
			28.9246246246246	31.0518208220504	28.9246246246246	66.6365603468126
			28.9259259259259	31.0178262640039	28.9259259259259	66.6125919595621
			28.9272272272272	30.9838317059574	28.9272272272272	66.5886235723115
			28.9285285285285	30.9498371479109	28.9285285285285	66.5646551850608
			28.9298298298298	30.9158425898644	28.9298298298298	66.5406867978102
			28.9311311311311	30.8818480318179	28.9311311311311	66.5167184105595
			28.9324324324324	30.8478534737714	28.9324324324324	66.4927500233089
			28.9337337337337	30.8138589157248	28.9337337337337	66.4687816360582
			28.935035035035	30.7798643576783	28.935035035035	66.4448132488076
			28.9363363363363	30.7458697996317	28.9363363363363	66.4208448615569
			28.9376376376376	30.7118752415853	28.9376376376376	66.3968764743063
			28.9389389389389	30.6778806835388	28.9389389389389	66.3729080870556
			28.9402402402402	30.6438861254921	28.9402402402402	66.348939699805
			28.9415415415415	30.6098915674456	28.9415415415415	66.3249713125543
			28.9428428428428	30.5758970093992	28.9428428428428	66.3010029253038
			28.9441441441441	30.5419024513526	28.9441441441441	66.277034538053
			28.9454454454454	30.5079078933061	28.9454454454454	66.2530661508025
			28.9467467467467	30.4739133352596	28.9467467467467	66.2290977635519
			28.9480480480481	30.4399187772131	28.9480480480481	66.2051293763012
			28.9493493493494	30.4059242191665	28.9493493493494	66.1811609890506
			28.9506506506507	30.37192966112	28.9506506506507	66.1571926017999
			28.951951951952	30.3379351030735	28.951951951952	66.1332242145493
			28.9532532532533	30.303940545027	28.9532532532533	66.1092558272986
			28.9545545545546	30.2699459869805	28.9545545545546	66.085287440048
			28.9558558558559	30.235951428934	28.9558558558559	66.0613190527973
			28.9571571571572	30.2019568708874	28.9571571571572	66.0373506655467
			28.9584584584585	30.1679623128409	28.9584584584585	66.013382278296
			28.9597597597598	30.1339677547944	28.9597597597598	65.9894138910455
			28.9610610610611	30.0999731967479	28.9610610610611	65.9654455037947
			28.9623623623624	30.0659786387014	28.9623623623624	65.9414771165442
			28.9636636636637	30.0319840806549	28.9636636636637	65.9175087292936
			28.964964964965	29.9979895226082	28.964964964965	65.8935403420429
			28.9662662662663	29.9639949645618	28.9662662662663	65.8695719547923
			28.9675675675676	29.9300004065153	28.9675675675676	65.8456035675416
			28.9688688688689	29.8960058484687	28.9688688688689	65.821635180291
			28.9701701701702	29.8620112904222	28.9701701701702	65.7976667930403
			28.9714714714715	29.8280167323758	28.9714714714715	65.7736984057897
			28.9727727727728	29.7940221743291	28.9727727727728	65.749730018539
			28.9740740740741	29.7600276162826	28.9740740740741	65.7257616312884
			28.9753753753754	29.7260330582362	28.9753753753754	65.7017932440377
			28.9766766766767	29.6920385001896	28.9766766766767	65.6778248567871
			28.977977977978	29.6580439421431	28.977977977978	65.6538564695364
			28.9792792792793	29.6240493840966	28.9792792792793	65.6298880822859
			28.9805805805806	29.5900548260501	28.9805805805806	65.6059196950351
			28.9818818818819	29.5560602680035	28.9818818818819	65.5819513077846
			28.9831831831832	29.522065709957	28.9831831831832	65.557982920534
			28.9844844844845	29.4880711519105	28.9844844844845	65.5340145332832
			28.9857857857858	29.454076593864	28.9857857857858	65.5100461460327
			28.9870870870871	29.4200820358175	28.9870870870871	65.486077758782
			28.9883883883884	29.3860874777708	28.9883883883884	65.4621093715314
			28.9896896896897	29.3520929197244	28.9896896896897	65.4381409842807
			28.990990990991	29.3180983616779	28.990990990991	65.4141725970301
			28.9922922922923	29.2841038036313	28.9922922922923	65.3902042097794
			28.9935935935936	29.2501092455848	28.9935935935936	65.3662358225288
			28.9948948948949	29.2161146875384	28.9948948948949	65.3422674352781
			28.9961961961962	29.1821201294918	28.9961961961962	65.3182990480275
			28.9974974974975	29.1481255714452	28.9974974974975	65.2943306607768
			28.9987987987988	29.1141310133988	28.9987987987988	65.2703622735263
			29.0001001001001	29.0801364553522	29.0001001001001	65.2463938862755
			29.0014014014014	29.0461418973057	29.0014014014014	65.2224254990249
			29.0027027027027	29.0121473392592	29.0027027027027	65.1984571117744
			29.004004004004	28.9781527812127	29.004004004004	65.1744887245236
			29.0053053053053	28.9441582231661	29.0053053053053	65.1505203372731
			29.0066066066066	28.9101636651196	29.0066066066066	65.1265519500224
			29.0079079079079	28.8761691070731	29.0079079079079	65.1025835627718
			29.0092092092092	28.8421745490266	29.0092092092092	65.0786151755211
			29.0105105105105	28.8081799909801	29.0105105105105	65.0546467882705
			29.0118118118118	28.7741854329335	29.0118118118118	65.0306784010198
			29.0131131131131	28.740190874887	29.0131131131131	65.0067100137692
			29.0144144144144	28.7061963168405	29.0144144144144	64.9827416265185
			29.0157157157157	28.6722017587939	29.0157157157157	64.9587732392679
			29.017017017017	28.6382072007474	29.017017017017	64.9348048520172
			29.0183183183183	28.604212642701	29.0183183183183	64.9108364647667
			29.0196196196196	28.5702180846544	29.0196196196196	64.8868680775159
			29.0209209209209	28.5362235266078	29.0209209209209	64.8628996902653
			29.0222222222222	28.5022289685614	29.0222222222222	64.8389313030148
			29.0235235235235	28.4682344105148	29.0235235235235	64.814962915764
			29.0248248248248	28.4342398524683	29.0248248248248	64.7909945285135
			29.0261261261261	28.4002452944218	29.0261261261261	64.7670261412628
			29.0274274274274	28.3662507363753	29.0274274274274	64.7430577540122
			29.0287287287287	28.3322561783287	29.0287287287287	64.7190893667615
			29.03003003003	28.2982616202822	29.03003003003	64.6951209795109
			29.0313313313313	28.2642670622357	29.0313313313313	64.6711525922602
			29.0326326326326	28.2302725041892	29.0326326326326	64.6471842050096
			29.0339339339339	28.1962779461427	29.0339339339339	64.6232158177589
			29.0352352352352	28.1622833880961	29.0352352352352	64.5992474305083
			29.0365365365365	28.1282888300497	29.0365365365365	64.5752790432576
			29.0378378378378	28.0942942720031	29.0378378378378	64.551310656007
			29.0391391391391	28.0602997139565	29.0391391391391	64.5273422687563
			29.0404404404404	28.02630515591	29.0404404404404	64.5033738815057
			29.0417417417417	27.9923105978636	29.0417417417417	64.4794054942552
			29.043043043043	27.958316039817	29.043043043043	64.4554371070044
			29.0443443443443	27.9243214817704	29.0443443443443	64.4314687197539
			29.0456456456456	27.890326923724	29.0456456456456	64.4075003325032
			29.0469469469469	27.8563323656774	29.0469469469469	64.3835319452526
			29.0482482482483	27.8223378076309	29.0482482482483	64.3595635580019
			29.0495495495496	27.7883432495844	29.0495495495496	64.3355951707513
			29.0508508508509	27.7543486915379	29.0508508508509	64.3116267835006
			29.0521521521522	27.7203541334914	29.0521521521522	64.28765839625
			29.0534534534535	27.6863595754448	29.0534534534535	64.2636900089993
			29.0547547547548	27.6523650173983	29.0547547547548	64.2397216217487
			29.0560560560561	27.6183704593518	29.0560560560561	64.215753234498
			29.0573573573574	27.5843759013053	29.0573573573574	64.1917848472474
			29.0586586586587	27.5503813432587	29.0586586586587	64.1678164599967
			29.05995995996	27.5163867852123	29.05995995996	64.1438480727461
			29.0612612612613	27.4823922271657	29.0612612612613	64.1198796854956
			29.0625625625626	27.4483976691191	29.0625625625626	64.0959112982448
			29.0638638638639	27.4144031110726	29.0638638638639	64.0719429109943
			29.0651651651652	27.3804085530262	29.0651651651652	64.0479745237436
			29.0664664664665	27.3464139949796	29.0664664664665	64.0240061364929
			29.0677677677678	27.3124194369331	29.0677677677678	64.0000377492423
			29.0690690690691	27.2784248788867	29.0690690690691	63.9760693619917
			29.0703703703704	27.24443032084	29.0703703703704	63.952100974741
			29.0716716716717	27.2104357627935	29.0716716716717	63.9281325874904
			29.072972972973	27.176441204747	29.072972972973	63.9041642002397
			29.0742742742743	27.1424466467005	29.0742742742743	63.8801958129891
			29.0755755755756	27.108452088654	29.0755755755756	63.8562274257384
			29.0768768768769	27.0744575306074	29.0768768768769	63.8322590384878
			29.0781781781782	27.0404629725609	29.0781781781782	63.8082906512371
			29.0794794794795	27.0064684145144	29.0794794794795	63.7843222639865
			29.0807807807808	26.9724738564679	29.0807807807808	63.760353876736
			29.0820820820821	26.9384792984213	29.0820820820821	63.7363854894852
			29.0833833833834	26.9044847403749	29.0833833833834	63.7124171022346
			29.0846846846847	26.8704901823284	29.0846846846847	63.688448714984
			29.085985985986	26.8364956242818	29.085985985986	63.6644803277334
			29.0872872872873	26.8025010662352	29.0872872872873	63.6405119404827
			29.0885885885886	26.7685065081888	29.0885885885886	63.6165435532321
			29.0898898898899	26.7345119501423	29.0898898898899	63.5925751659814
			29.0911911911912	26.7005173920957	29.0911911911912	63.5686067787308
			29.0924924924925	26.6665228340493	29.0924924924925	63.5446383914801
			29.0937937937938	26.6325282760027	29.0937937937938	63.5206700042295
			29.0950950950951	26.5985337179561	29.0950950950951	63.4967016169788
			29.0963963963964	26.5645391599096	29.0963963963964	63.4727332297282
			29.0976976976977	26.5305446018632	29.0976976976977	63.4487648424777
			29.098998998999	26.4965500438166	29.098998998999	63.4247964552269
			29.1003003003003	26.4625554857701	29.1003003003003	63.4008280679764
			29.1016016016016	26.4285609277235	29.1016016016016	63.3768596807257
			29.1029029029029	26.394566369677	29.1029029029029	63.352891293475
			29.1042042042042	26.3605718116305	29.1042042042042	63.3289229062244
			29.1055055055055	26.326577253584	29.1055055055055	63.3049545189738
			29.1068068068068	26.2925826955375	29.1068068068068	63.2809861317231
			29.1081081081081	26.258588137491	29.1081081081081	63.2570177444725
			29.1094094094094	26.2245935794444	29.1094094094094	63.2330493572218
			29.1107107107107	26.1905990213978	29.1107107107107	63.2090809699712
			29.112012012012	26.1566044633514	29.112012012012	63.1851125827205
			29.1133133133133	26.1226099053049	29.1133133133133	63.1611441954699
			29.1146146146146	26.0886153472583	29.1146146146146	63.1371758082192
			29.1159159159159	26.0546207892119	29.1159159159159	63.1132074209686
			29.1172172172172	26.0206262311654	29.1172172172172	63.0892390337181
			29.1185185185185	25.9866316731187	29.1185185185185	63.0652706464673
			29.1198198198198	25.9526371150722	29.1198198198198	63.0413022592167
			29.1211211211211	25.9186425570258	29.1211211211211	63.0173338719661
			29.1224224224224	25.8846479989792	29.1224224224224	62.9933654847154
			29.1237237237237	25.8506534409327	29.1237237237237	62.9693970974648
			29.125025025025	25.8166588828861	29.125025025025	62.9454287102142
			29.1263263263263	25.7826643248396	29.1263263263263	62.9214603229635
			29.1276276276276	25.7486697667931	29.1276276276276	62.8974919357129
			29.1289289289289	25.7146752087466	29.1289289289289	62.8735235484622
			29.1302302302302	25.6806806507001	29.1302302302302	62.8495551612116
			29.1315315315315	25.6466860926536	29.1315315315315	62.8255867739609
			29.1328328328328	25.6126915346071	29.1328328328328	62.8016183867103
			29.1341341341341	25.5786969765604	29.1341341341341	62.7776499994596
			29.1354354354354	25.544702418514	29.1354354354354	62.753681612209
			29.1367367367367	25.5107078604675	29.1367367367367	62.7297132249583
			29.138038038038	25.4767133024209	29.138038038038	62.7057448377077
			29.1393393393393	25.4427187443745	29.1393393393393	62.6817764504571
			29.1406406406406	25.408724186328	29.1406406406406	62.6578080632065
			29.1419419419419	25.3747296282813	29.1419419419419	62.6338396759558
			29.1432432432432	25.3407350702348	29.1432432432432	62.6098712887052
			29.1445445445445	25.3067405121884	29.1445445445445	62.5859029014546
			29.1458458458458	25.2727459541418	29.1458458458458	62.5619345142039
			29.1471471471471	25.2387513960953	29.1471471471471	62.5379661269533
			29.1484484484484	25.2047568380488	29.1484484484484	62.5139977397026
			29.1497497497498	25.1707622800022	29.1497497497498	62.490029352452
			29.1510510510511	25.1367677219557	29.1510510510511	62.4660609652013
			29.1523523523524	25.1027731639092	29.1523523523524	62.4420925779507
			29.1536536536537	25.0687786058627	29.1536536536537	62.4181241907
			29.154954954955	25.0347840478162	29.154954954955	62.3941558034494
			29.1562562562563	25.0007894897697	29.1562562562563	62.3701874161987
			29.1575575575576	24.9667949317231	29.1575575575576	62.3462190289481
			29.1588588588589	24.9328003736766	29.1588588588589	62.3222506416975
			29.1601601601602	24.8988058156301	29.1601601601602	62.2982822544469
			29.1614614614615	24.8648112575835	29.1614614614615	62.2743138671962
			29.1627627627628	24.8308166995371	29.1627627627628	62.2503454799456
			29.1640640640641	24.7968221414906	29.1640640640641	62.226377092695
			29.1653653653654	24.7628275834439	29.1653653653654	62.2024087054442
			29.1666666666667	24.7288330253974	29.1666666666667	62.1784403181937
			29.167967967968	24.694838467351	29.167967967968	62.154471930943
			29.1692692692693	24.6608439093044	29.1692692692693	62.1305035436924
			29.1705705705706	24.6268493512579	29.1705705705706	62.1065351564417
			29.1718718718719	24.5928547932114	29.1718718718719	62.0825667691911
			29.1731731731732	24.5588602351648	29.1731731731732	62.0585983819404
			29.1744744744745	24.5248656771183	29.1744744744745	62.0346299946898
			29.1757757757758	24.4908711190718	29.1757757757758	62.0106616074391
			29.1770770770771	24.4568765610253	29.1770770770771	61.9866932201885
			29.1783783783784	24.4228820029788	29.1783783783784	61.9627248329379
			29.1796796796797	24.3888874449323	29.1796796796797	61.9387564456873
			29.180980980981	24.3548928868858	29.180980980981	61.9147880584366
			29.1822822822823	24.3208983288392	29.1822822822823	61.890819671186
			29.1835835835836	24.2869037707927	29.1835835835836	61.8668512839354
			29.1848848848849	24.2529092127461	29.1848848848849	61.8428828966846
			29.1861861861862	24.2189146546997	29.1861861861862	61.8189145094341
			29.1874874874875	24.1849200966532	29.1874874874875	61.7949461221834
			29.1887887887888	24.1509255386065	29.1887887887888	61.7709777349328
			29.1900900900901	24.11693098056	29.1900900900901	61.7470093476821
			29.1913913913914	24.0829364225136	29.1913913913914	61.7230409604315
			29.1926926926927	24.048941864467	29.1926926926927	61.6990725731808
			29.193993993994	24.0149473064205	29.193993993994	61.6751041859302
			29.1952952952953	23.980952748374	29.1952952952953	61.6511357986795
			29.1965965965966	23.9469581903275	29.1965965965966	61.6271674114289
			29.1978978978979	23.9129636322809	29.1978978978979	61.6031990241783
			29.1991991991992	23.8789690742344	29.1991991991992	61.5792306369277
			29.2005005005005	23.8449745161879	29.2005005005005	61.555262249677
			29.2018018018018	23.8109799581414	29.2018018018018	61.5312938624263
			29.2031031031031	23.7769854000949	29.2031031031031	61.5073254751758
			29.2044044044044	23.7429908420484	29.2044044044044	61.483357087925
			29.2057057057057	23.7089962840018	29.2057057057057	61.4593887006745
			29.207007007007	23.6750017259553	29.207007007007	61.4354203134238
			29.2083083083083	23.6410071679087	29.2083083083083	61.4114519261732
			29.2096096096096	23.6070126098623	29.2096096096096	61.3874835389225
			29.2109109109109	23.5730180518158	29.2109109109109	61.3635151516719
			29.2122122122122	23.5390234937692	29.2122122122122	61.3395467644212
			29.2135135135135	23.5050289357226	29.2135135135135	61.3155783771706
			29.2148148148148	23.4710343776762	29.2148148148148	61.2916099899199
			29.2161161161161	23.4370398196296	29.2161161161161	61.2676416026693
			29.2174174174174	23.4030452615831	29.2174174174174	61.2436732154187
			29.2187187187187	23.3690507035366	29.2187187187187	61.219704828168
			29.22002002002	23.3350561454901	29.22002002002	61.1957364409174
			29.2213213213213	23.3010615874435	29.2213213213213	61.1717680536667
			29.2226226226226	23.267067029397	29.2226226226226	61.1477996664162
			29.2239239239239	23.2330724713505	29.2239239239239	61.1238312791654
			29.2252252252252	23.199077913304	29.2252252252252	61.0998628919149
			29.2265265265265	23.1650833552575	29.2265265265265	61.0758945046642
			29.2278278278278	23.131088797211	29.2278278278278	61.0519261174136
			29.2291291291291	23.0970942391644	29.2291291291291	61.0279577301629
			29.2304304304304	23.0630996811179	29.2304304304304	61.0039893429123
			29.2317317317317	23.0291051230713	29.2317317317317	60.9800209556616
			29.233033033033	22.9951105650249	29.233033033033	60.956052568411
			29.2343343343343	22.9611160069784	29.2343343343343	60.9320841811603
			29.2356356356356	22.9271214489318	29.2356356356356	60.9081157939097
			29.2369369369369	22.8931268908852	29.2369369369369	60.8841474066591
			29.2382382382382	22.8591323328388	29.2382382382382	60.8601790194084
			29.2395395395395	22.8251377747922	29.2395395395395	60.8362106321578
			29.2408408408408	22.7911432167457	29.2408408408408	60.8122422449071
			29.2421421421421	22.7571486586992	29.2421421421421	60.7882738576566
			29.2434434434434	22.7231541006528	29.2434434434434	60.7643054704059
			29.2447447447447	22.6891595426061	29.2447447447447	60.7403370831553
			29.246046046046	22.6551649845596	29.246046046046	60.7163686959046
			29.2473473473473	22.6211704265131	29.2473473473473	60.692400308654
			29.2486486486487	22.5871758684666	29.2486486486487	60.6684319214033
			29.24994994995	22.5531813104201	29.24994994995	60.6444635341527
			29.2512512512513	22.5191867523736	29.2512512512513	60.620495146902
			29.2525525525526	22.4851921943271	29.2525525525526	60.5965267596514
			29.2538538538539	22.4511976362805	29.2538538538539	60.5725583724007
			29.2551551551552	22.417203078234	29.2551551551552	60.5485899851501
			29.2564564564565	22.3832085201875	29.2564564564565	60.5246215978995
			29.2577577577578	22.349213962141	29.2577577577578	60.5006532106488
			29.2590590590591	22.3152194040945	29.2590590590591	60.4766848233983
			29.2603603603604	22.2812248460478	29.2603603603604	60.4527164361475
			29.2616616616617	22.2472302880014	29.2616616616617	60.428748048897
			29.262962962963	22.2132357299549	29.262962962963	60.4047796616463
			29.2642642642643	22.1792411719083	29.2642642642643	60.3808112743957
			29.2655655655656	22.1452466138618	29.2655655655656	60.356842887145
			29.2668668668669	22.1112520558154	29.2668668668669	60.3328744998944
			29.2681681681682	22.0772574977688	29.2681681681682	60.3089061126437
			29.2694694694695	22.0432629397222	29.2694694694695	60.2849377253931
			29.2707707707708	22.0092683816757	29.2707707707708	60.2609693381424
			29.2720720720721	21.9752738236292	29.2720720720721	60.2370009508918
			29.2733733733734	21.9412792655827	29.2733733733734	60.2130325636412
			29.2746746746747	21.9072847075362	29.2746746746747	60.1890641763905
			29.275975975976	21.8732901494897	29.275975975976	60.1650957891399
			29.2772772772773	21.8392955914431	29.2772772772773	60.1411274018892
			29.2785785785786	21.8053010333966	29.2785785785786	60.1171590146387
			29.2798798798799	21.7713064753501	29.2798798798799	60.0931906273879
			29.2811811811812	21.7373119173036	29.2811811811812	60.0692222401374
			29.2824824824825	21.7033173592571	29.2824824824825	60.0452538528867
			29.2837837837838	21.6693228012105	29.2837837837838	60.021285465636
			29.2850850850851	21.6353282431641	29.2850850850851	59.9973170783854
			29.2863863863864	21.6013336851175	29.2863863863864	59.9733486911348
			29.2876876876877	21.5673391270709	29.2876876876877	59.9493803038841
			29.288988988989	21.5333445690244	29.288988988989	59.9254119166335
			29.2902902902903	21.499350010978	29.2902902902903	59.9014435293828
			29.2915915915916	21.4653554529314	29.2915915915916	59.8774751421322
			29.2928928928929	21.4313608948848	29.2928928928929	59.8535067548816
			29.2941941941942	21.3973663368383	29.2941941941942	59.8295383676309
			29.2954954954955	21.3633717787918	29.2954954954955	59.8055699803803
			29.2967967967968	21.3293772207453	29.2967967967968	59.7816015931296
			29.2980980980981	21.2953826626988	29.2980980980981	59.7576332058791
			29.2993993993994	21.2613881046523	29.2993993993994	59.7336648186283
			29.3007007007007	21.2273935466058	29.3007007007007	59.7096964313777
			29.302002002002	21.1933989885592	29.302002002002	59.6857280441271
			29.3033033033033	21.1594044305127	29.3033033033033	59.6617596568764
			29.3046046046046	21.1254098724662	29.3046046046046	59.6377912696258
			29.3059059059059	21.0914153144197	29.3059059059059	59.6138228823752
			29.3072072072072	21.0574207563731	29.3072072072072	59.5898544951245
			29.3085085085085	21.0234261983267	29.3085085085085	59.5658861078739
			29.3098098098098	20.9894316402801	29.3098098098098	59.5419177206232
			29.3111111111111	20.9554370822335	29.3111111111111	59.5179493333726
			29.3124124124124	20.921442524187	29.3124124124124	59.493980946122
			29.3137137137137	20.8874479661406	29.3137137137137	59.4700125588713
			29.315015015015	20.853453408094	29.315015015015	59.4460441716207
			29.3163163163163	20.8194588500475	29.3163163163163	59.42207578437
			29.3176176176176	20.7854642920009	29.3176176176176	59.3981073971194
			29.3189189189189	20.7514697339544	29.3189189189189	59.3741390098687
			29.3202202202202	20.7174751759079	29.3202202202202	59.3501706226181
			29.3215215215215	20.6834806178614	29.3215215215215	59.3262022353675
			29.3228228228228	20.6494860598149	29.3228228228228	59.3022338481168
			29.3241241241241	20.6154915017684	29.3241241241241	59.2782654608662
			29.3254254254254	20.5814969437218	29.3254254254254	59.2542970736156
			29.3267267267267	20.5475023856753	29.3267267267267	59.2303286863649
			29.328028028028	20.5135078276288	29.328028028028	59.2063602991143
			29.3293293293293	20.4795132695823	29.3293293293293	59.1823919118636
			29.3306306306306	20.4455187115357	29.3306306306306	59.158423524613
			29.3319319319319	20.4115241534893	29.3319319319319	59.1344551373624
			29.3332332332332	20.3775295954428	29.3332332332332	59.1104867501117
			29.3345345345345	20.3435350373961	29.3345345345345	59.0865183628611
			29.3358358358358	20.3095404793496	29.3358358358358	59.0625499756104
			29.3371371371371	20.2755459213032	29.3371371371371	59.0385815883598
			29.3384384384384	20.2415513632566	29.3384384384384	59.0146132011091
			29.3397397397397	20.2075568052101	29.3397397397397	58.9906448138585
			29.341041041041	20.1735622471635	29.341041041041	58.9666764266079
			29.3423423423423	20.139567689117	29.3423423423423	58.9427080393572
			29.3436436436436	20.1055731310705	29.3436436436436	58.9187396521066
			29.3449449449449	20.071578573024	29.3449449449449	58.894771264856
			29.3462462462462	20.0375840149775	29.3462462462462	58.8708028776053
			29.3475475475475	20.003589456931	29.3475475475475	58.8468344903547
			29.3488488488488	19.9695948988845	29.3488488488488	58.822866103104
			29.3501501501502	19.9356003408379	29.3501501501502	58.7988977158534
			29.3514514514515	19.9016057827914	29.3514514514515	58.7749293286028
			29.3527527527528	19.8676112247449	29.3527527527528	58.7509609413521
			29.3540540540541	19.8336166666983	29.3540540540541	58.7269925541015
			29.3553553553554	19.7996221086519	29.3553553553554	58.7030241668508
			29.3566566566567	19.7656275506054	29.3566566566567	58.6790557796002
			29.357957957958	19.7316329925587	29.357957957958	58.6550873923495
			29.3592592592593	19.6976384345122	29.3592592592593	58.6311190050989
			29.3605605605606	19.6636438764658	29.3605605605606	58.6071506178483
			29.3618618618619	19.6296493184192	29.3618618618619	58.5831822305976
			29.3631631631632	19.5956547603727	29.3631631631632	58.559213843347
			29.3644644644645	19.5616602023262	29.3644644644645	58.5352454560964
			29.3657657657658	19.5276656442796	29.3657657657658	58.5112770688456
			29.3670670670671	19.4936710862331	29.3670670670671	58.4873086815951
			29.3683683683684	19.4596765281866	29.3683683683684	58.4633402943444
			29.3696696696697	19.4256819701402	29.3696696696697	58.4393719070938
			29.370970970971	19.3916874120936	29.370970970971	58.4154035198432
			29.3722722722723	19.3576928540471	29.3722722722723	58.3914351325925
			29.3735735735736	19.3236982960005	29.3735735735736	58.3674667453419
			29.3748748748749	19.289703737954	29.3748748748749	58.3434983580912
			29.3761761761762	19.2557091799075	29.3761761761762	58.3195299708406
			29.3774774774775	19.221714621861	29.3774774774775	58.29556158359
			29.3787787787788	19.1877200638145	29.3787787787788	58.2715931963393
			29.3800800800801	19.153725505768	29.3800800800801	58.2476248090887
			29.3813813813814	19.1197309477215	29.3813813813814	58.2236564218381
			29.3826826826827	19.0857363896748	29.3826826826827	58.1996880345873
			29.383983983984	19.0517418316284	29.383983983984	58.1757196473368
			29.3852852852853	19.0177472735819	29.3852852852853	58.1517512600861
			29.3865865865866	18.9837527155353	29.3865865865866	58.1277828728355
			29.3878878878879	18.9497581574888	29.3878878878879	58.1038144855848
			29.3891891891892	18.9157635994424	29.3891891891892	58.0798460983342
			29.3904904904905	18.8817690413957	29.3904904904905	58.0558777110836
			29.3917917917918	18.8477744833492	29.3917917917918	58.0319093238329
			29.3930930930931	18.8137799253028	29.3930930930931	58.0079409365823
			29.3943943943944	18.7797853672562	29.3943943943944	57.9839725493316
			29.3956956956957	18.7457908092097	29.3956956956957	57.960004162081
			29.396996996997	18.7117962511632	29.396996996997	57.9360357748304
			29.3982982982983	18.6778016931166	29.3982982982983	57.9120673875797
			29.3995995995996	18.6438071350701	29.3995995995996	57.888099000329
			29.4009009009009	18.6098125770236	29.4009009009009	57.8641306130785
			29.4022022022022	18.5758180189771	29.4022022022022	57.8401622258277
			29.4035035035035	18.5418234609306	29.4035035035035	57.8161938385772
			29.4048048048048	18.5078289028841	29.4048048048048	57.7922254513265
			29.4061061061061	18.4738343448374	29.4061061061061	57.7682570640759
			29.4074074074074	18.439839786791	29.4074074074074	57.7442886768252
			29.4087087087087	18.4058452287445	29.4087087087087	57.7203202895746
			29.41001001001	18.3718506706979	29.41001001001	57.696351902324
			29.4113113113113	18.3378561126514	29.4113113113113	57.6723835150733
			29.4126126126126	18.303861554605	29.4126126126126	57.6484151278227
			29.4139139139139	18.2698669965583	29.4139139139139	57.624446740572
			29.4152152152152	18.2358724385118	29.4152152152152	57.6004783533214
			29.4165165165165	18.2018778804654	29.4165165165165	57.5765099660708
			29.4178178178178	18.1678833224188	29.4178178178178	57.5525415788201
			29.4191191191191	18.1338887643723	29.4191191191191	57.5285731915694
			29.4204204204204	18.0998942063258	29.4204204204204	57.5046048043189
			29.4217217217217	18.0658996482792	29.4217217217217	57.4806364170681
			29.423023023023	18.0319050902327	29.423023023023	57.4566680298176
			29.4243243243243	17.9979105321862	29.4243243243243	57.4326996425669
			29.4256256256256	17.9639159741397	29.4256256256256	57.4087312553163
			29.4269269269269	17.9299214160932	29.4269269269269	57.3847628680657
			29.4282282282282	17.8959268580467	29.4282282282282	57.360794480815
			29.4295295295295	17.8619323	29.4295295295295	57.3368260935644
			29.4308308308308	17.8279377419536	29.4308308308308	57.3128577063137
			29.4321321321321	17.7939431839071	29.4321321321321	57.2888893190631
			29.4334334334334	17.7599486258605	29.4334334334334	57.2649209318124
			29.4347347347347	17.725954067814	29.4347347347347	57.2409525445618
			29.436036036036	17.6919595097676	29.436036036036	57.2169841573111
			29.4373373373373	17.6579649517209	29.4373373373373	57.1930157700605
			29.4386386386386	17.6239703936744	29.4386386386386	57.1690473828098
			29.4399399399399	17.589975835628	29.4399399399399	57.1450789955593
			29.4412412412412	17.5559812775814	29.4412412412412	57.1211106083085
			29.4425425425425	17.5219867195349	29.4425425425425	57.097142221058
			29.4438438438438	17.4879921614884	29.4438438438438	57.0731738338073
			29.4451451451451	17.4539976034418	29.4451451451451	57.0492054465567
			29.4464464464464	17.4200030453953	29.4464464464464	57.0252370593061
			29.4477477477477	17.3860084873488	29.4477477477477	57.0012686720554
			29.4490490490491	17.3520139293023	29.4490490490491	56.9773002848048
			29.4503503503504	17.3180193712558	29.4503503503504	56.9533318975541
			29.4516516516517	17.2840248132093	29.4516516516517	56.9293635103035
			29.452952952953	17.2500302551626	29.452952952953	56.9053951230528
			29.4542542542543	17.2160356971162	29.4542542542543	56.8814267358022
			29.4555555555556	17.1820411390697	29.4555555555556	56.8574583485515
			29.4568568568569	17.1480465810231	29.4568568568569	56.8334899613009
			29.4581581581582	17.1140520229766	29.4581581581582	56.8095215740502
			29.4594594594595	17.0800574649302	29.4594594594595	56.7855531867997
			29.4607607607608	17.0460629068835	29.4607607607608	56.7615847995489
			29.4620620620621	17.012068348837	29.4620620620621	56.7376164122984
			29.4633633633634	16.9780737907906	29.4633633633634	56.7136480250477
			29.4646646646647	16.944079232744	29.4646646646647	56.689679637797
			29.465965965966	16.9100846746975	29.465965965966	56.6657112505465
			29.4672672672673	16.876090116651	29.4672672672673	56.6417428632958
			29.4685685685686	16.8420955586045	29.4685685685686	56.6177744760452
			29.4698698698699	16.8081010005579	29.4698698698699	56.5938060887945
			29.4711711711712	16.7741064425114	29.4711711711712	56.5698377015439
			29.4724724724725	16.7401118844649	29.4724724724725	56.5458693142932
			29.4737737737738	16.7061173264184	29.4737737737738	56.5219009270426
			29.4750750750751	16.6721227683719	29.4750750750751	56.4979325397919
			29.4763763763764	16.6381282103252	29.4763763763764	56.4739641525413
			29.4776776776777	16.6041336522788	29.4776776776777	56.4499957652906
			29.478978978979	16.5701390942323	29.478978978979	56.4260273780401
			29.4802802802803	16.5361445361857	29.4802802802803	56.4020589907893
			29.4815815815816	16.5021499781393	29.4815815815816	56.3780906035387
			29.4828828828829	16.4681554200928	29.4828828828829	56.3541222162881
			29.4841841841842	16.4341608620462	29.4841841841842	56.3301538290374
			29.4854854854855	16.4001663039996	29.4854854854855	56.3061854417869
			29.4867867867868	16.3661717459532	29.4867867867868	56.2822170545362
			29.4880880880881	16.3321771879066	29.4880880880881	56.2582486672856
			29.4893893893894	16.2981826298601	29.4893893893894	56.2342802800349
			29.4906906906907	16.2641880718136	29.4906906906907	56.2103118927843
			29.491991991992	16.2301935137671	29.491991991992	56.1863435055336
			29.4932932932933	16.1961989557205	29.4932932932933	56.162375118283
			29.4945945945946	16.162204397674	29.4945945945946	56.1384067310323
			29.4958958958959	16.1282098396275	29.4958958958959	56.1144383437817
			29.4971971971972	16.094215281581	29.4971971971972	56.090469956531
			29.4984984984985	16.0602207235345	29.4984984984985	56.0665015692805
			29.4997997997998	16.0262261654879	29.4997997997998	56.0425331820297
			29.5011011011011	15.9922316074415	29.5011011011011	56.0185647947791
			29.5024024024024	15.9582370493949	29.5024024024024	55.9945964075285
			29.5037037037037	15.9242424913483	29.5037037037037	55.9706280202778
			29.505005005005	15.8902479333019	29.505005005005	55.9466596330273
			29.5063063063063	15.8562533752554	29.5063063063063	55.9226912457766
			29.5076076076076	15.8222588172088	29.5076076076076	55.898722858526
			29.5089089089089	15.7882642591622	29.5089089089089	55.8747544712753
			29.5102102102102	15.7542697011158	29.5102102102102	55.8507860840247
			29.5115115115115	15.7202751430692	29.5115115115115	55.826817696774
			29.5128128128128	15.6862805850227	29.5128128128128	55.8028493095234
			29.5141141141141	15.6522860269762	29.5141141141141	55.7788809222727
			29.5154154154154	15.6182914689297	29.5154154154154	55.7549125350221
			29.5167167167167	15.5842969108832	29.5167167167167	55.7309441477714
			29.518018018018	15.5503023528366	29.518018018018	55.7069757605208
			29.5193193193193	15.5163077947901	29.5193193193193	55.6830073732701
			29.5206206206206	15.4823132367436	29.5206206206206	55.6590389860195
			29.5219219219219	15.4483186786971	29.5219219219219	55.6350705987689
			29.5232232232232	15.4143241206505	29.5232232232232	55.6111022115182
			29.5245245245245	15.3803295626041	29.5245245245245	55.5871338242677
			29.5258258258258	15.3463350045575	29.5258258258258	55.563165437017
			29.5271271271271	15.3123404465109	29.5271271271271	55.5391970497664
			29.5284284284284	15.2783458884645	29.5284284284284	55.5152286625157
			29.5297297297297	15.244351330418	29.5297297297297	55.4912602752651
			29.531031031031	15.2103567723714	29.531031031031	55.4672918880144
			29.5323323323323	15.1763622143249	29.5323323323323	55.4433235007638
			29.5336336336336	15.1423676562785	29.5336336336336	55.4193551135131
			29.5349349349349	15.1083730982318	29.5349349349349	55.3953867262625
			29.5362362362362	15.0743785401853	29.5362362362362	55.3714183390118
			29.5375375375375	15.0403839821388	29.5375375375375	55.3474499517612
			29.5388388388388	15.0063894240924	29.5388388388388	55.3234815645106
			29.5401401401401	14.9723948660458	29.5401401401401	55.2995131772599
			29.5414414414414	14.9384003079992	29.5414414414414	55.2755447900093
			29.5427427427427	14.9044057499527	29.5427427427427	55.2515764027587
			29.544044044044	14.8704111919062	29.544044044044	55.2276080155081
			29.5453453453453	14.8364166338597	29.5453453453453	55.2036396282574
			29.5466466466466	14.8024220758132	29.5466466466466	55.1796712410068
			29.547947947948	14.7684275177667	29.547947947948	55.1557028537561
			29.5492492492493	14.7344329597202	29.5492492492493	55.1317344665055
			29.5505505505506	14.7004384016736	29.5505505505506	55.1077660792548
			29.5518518518519	14.6664438436271	29.5518518518519	55.0837976920042
			29.5531531531532	14.6324492855806	29.5531531531532	55.0598293047535
			29.5544544544545	14.5984547275341	29.5544544544545	55.0358609175029
			29.5557557557558	14.5644601694875	29.5557557557558	55.0118925302522
			29.5570570570571	14.5304656114411	29.5570570570571	54.9879241430016
			29.5583583583584	14.4964710533945	29.5583583583584	54.963955755751
			29.5596596596597	14.4624764953479	29.5596596596597	54.9399873685003
			29.560960960961	14.4284819373014	29.560960960961	54.9160189812497
			29.5622622622623	14.394487379255	29.5622622622623	54.8920505939991
			29.5635635635636	14.3604928212084	29.5635635635636	54.8680822067483
			29.5648648648649	14.3264982631619	29.5648648648649	54.8441138194978
			29.5661661661662	14.2925037051153	29.5661661661662	54.8201454322472
			29.5674674674675	14.2585091470688	29.5674674674675	54.7961770449965
			29.5687687687688	14.2245145890223	29.5687687687688	54.7722086577459
			29.5700700700701	14.1905200309758	29.5700700700701	54.7482402704952
			29.5713713713714	14.1565254729293	29.5713713713714	54.7242718832446
			29.5726726726727	14.1225309148828	29.5726726726727	54.7003034959939
			29.573973973974	14.0885363568362	29.573973973974	54.6763351087433
			29.5752752752753	14.0545417987897	29.5752752752753	54.6523667214926
			29.5765765765766	14.0205472407432	29.5765765765766	54.628398334242
			29.5778778778779	13.9865526826967	29.5778778778779	54.6044299469914
			29.5791791791792	13.9525581246501	29.5791791791792	54.5804615597407
			29.5804804804805	13.9185635666037	29.5804804804805	54.5564931724902
			29.5817817817818	13.8845690085572	29.5817817817818	54.5325247852395
			29.5830830830831	13.8505744505105	29.5830830830831	54.5085563979887
			29.5843843843844	13.816579892464	29.5843843843844	54.4845880107382
			29.5856856856857	13.7825853344176	29.5856856856857	54.4606196234876
			29.586986986987	13.748590776371	29.586986986987	54.4366512362369
			29.5882882882883	13.7145962183245	29.5882882882883	54.4126828489863
			29.5895895895896	13.6806016602779	29.5895895895896	54.3887144617356
			29.5908908908909	13.6466071022314	29.5908908908909	54.364746074485
			29.5921921921922	13.6126125441849	29.5921921921922	54.3407776872343
			29.5934934934935	13.5786179861384	29.5934934934935	54.3168092999837
			29.5947947947948	13.5446234280919	29.5947947947948	54.292840912733
			29.5960960960961	13.5106288700454	29.5960960960961	54.2688725254824
			29.5973973973974	13.4766343119989	29.5973973973974	54.2449041382318
			29.5986986986987	13.4426397539523	29.5986986986987	54.2209357509811
			29.6	13.4086451959058	29.6	54.1969673637304
