Vbg	-Seebeck	-Seebeck	-Seebeck	-Seebeck	-Seebeck	-Seebeck
V	\g(m)V/K	\g(m)V/K	\g(m)V/K	\g(m)V/K	\g(m)V/K	\g(m)V/K
Vbg	T=300K	T=260K	T=220K	T=180K	T=140K	T=100K
60	1.70089842897665E-4	1.31858754500327E-4	1.00902655193105E-4	7.3956064531966E-5	4.90337319986908E-5	3.08636025801877E-5
59	1.72216569727798E-4	1.31957309963452E-4	1.01299891753491E-4	7.41576648756273E-5	4.91436736308095E-5	3.08636025801877E-5
58	1.7207330589952E-4	1.32705327432904E-4	1.01838762819114E-4	7.45337885937159E-5	4.93720502400175E-5	3.10698207028693E-5
57	1.70232832274165E-4	1.33807668966834E-4	1.02387279245309E-4	7.49739124209033E-5	4.95787216343007E-5	3.12087299530875E-5
56	1.72645812309077E-4	1.34496764537421E-4	1.03020827139701E-4	7.54509593879555E-5	4.98290393846825E-5	3.12087299530875E-5
55	1.74690752509273E-4	1.35500814831988E-4	1.03663766569387E-4	7.5900437077242E-5	5.02202051058259E-5	3.14610252904757E-5
54	1.75488034925267E-4	1.36051985598953E-4	1.04108214631519E-4	7.64230225834606E-5	5.04268765001091E-5	3.17345522856208E-5
53	1.75774562581824E-4	1.36819819850535E-4	1.04808010923522E-4	7.68722541184813E-5	5.07651947414358E-5	3.2024793564532E-5
52	1.77144351407375E-4	1.37410359957997E-4	1.05413130386755E-4	7.7211700850971E-5	5.0984842079424E-5	3.21384055204015E-5
51	1.78248745363299E-4	1.38355224129937E-4	1.05933218381791E-4	7.75784707069605E-5	5.12792780384028E-5	3.23866352211979E-5
50	1.78371425308204E-4	1.39142610939887E-4	1.06481480982708E-4	7.81010562131791E-5	5.15343143137683E-5	3.27904884559786E-5
49	1.80579664316496E-4	1.39713598488981E-4	1.07039388944196E-4	7.84405029456688E-5	5.1850691413921E-5	3.2841083044676E-5
48	1.81070658547894E-4	1.40579723979926E-4	1.07701365269747E-4	7.89355191741218E-5	5.22812568186777E-5	3.31143841711215E-5
47	1.80784130891338E-4	1.41426296912503E-4	1.08287701662394E-4	7.93116428922104E-5	5.25889046476107E-5	3.34172740972071E-5
46	1.82338351311914E-4	1.41977467679468E-4	1.0899688948969E-4	7.97975514128301E-5	5.29052817477635E-5	3.34721601911957E-5
45	1.83197110926249E-4	1.42843593170412E-4	1.09497940588861E-4	8.01918905465852E-5	5.31909884355226E-5	3.37497528229326E-5
44	1.83749307904211E-4	1.43532688740999E-4	1.10103060052095E-4	8.0613798958106E-5	5.35776715579315E-5	3.39180250040912E-5
43	1.85160264496509E-4	1.44379261673576E-4	1.10755644842352E-4	8.12373077132882E-5	5.38150133646083E-5	3.40736485380755E-5
42	1.86775687663648E-4	1.45245387164521E-4	1.11360764305586E-4	8.17690009273402E-5	5.41094493235872E-5	3.42419207192341E-5
41	1.89065713301877E-4	1.45993404633973E-4	1.12003703735272E-4	8.21726939231944E-5	5.45225561859044E-5	3.46880114008292E-5
40	1.88166060372573E-4	1.47056641051167E-4	1.12656034700251E-4	8.25943561804495E-5	5.48783329696705E-5	3.49531812540912E-5
39	1.89004510555313E-4	1.47548625695505E-4	1.13412687854571E-4	8.31629725343662E-5	5.52256164084661E-5	3.50918646356099E-5
38	1.90476669894174E-4	1.4859204533057E-4	1.14074410354844E-4	8.36215579314859E-5	5.56870881518656E-5	3.54074032088698E-5
37	1.91724053226598E-4	1.49655017524002E-4	1.14717603609808E-4	8.41350357298713E-5	5.59945000545494E-5	3.56599244149574E-5
36	1.92439823464434E-4	1.50521407238708E-4	1.15426791437105E-4	8.47034059295222E-5	5.6491124809077E-5	3.5971171482926E-5
35	1.9227625020456E-4	1.51545010091643E-4	1.16296650665503E-4	8.5088637355444E-5	5.69438672812568E-5	3.6333013139592E-5
34	1.9452538252782E-4	1.52489874263583E-4	1.16958373165776E-4	8.57121461106262E-5	5.75063154593061E-5	3.64466250954615E-5
33	1.95936339120118E-4	1.53533293898647E-4	1.17762237821842E-4	8.63541164357408E-5	5.76381982325988E-5	3.66948547962579E-5
32	1.98022172635283E-4	1.54537344193214E-4	1.18471425649138E-4	8.68860558040585E-5	5.81258577896574E-5	3.69137215661139E-5
31	1.9624317620827E-4	1.55482208365154E-4	1.19284681840498E-4	8.74637798658084E-5	5.86269651429195E-5	3.7300634648429E-5
30	1.96652109357953E-4	1.56643736021711E-4	1.19965441236635E-4	8.80321500654593E-5	5.898722452542E-5	3.76414705160375E-5
29	1.98799145619681E-4	1.57706708215143E-4	1.20806872033875E-4	8.87383666539385E-5	5.93212960942614E-5	3.80622639032839E-5
28	2.00864395251473E-4	1.58513911807222E-4	1.21771408091043E-4	8.92333828823915E-5	5.98792616735763E-5	3.83188507459634E-5
27	2.03175004773074E-4	1.5949814531966E-4	1.22575272747109E-4	8.9875353207506E-5	6.02484862535457E-5	3.88110186422649E-5
26	2.04217921530657E-4	1.60659672976216E-4	1.23492343477253E-4	9.05997852116518E-5	6.06132282347807E-5	3.86427464611063E-5
25	2.05894821896138E-4	1.62097314463779E-4	1.24466271069714E-4	9.12690786602662E-5	6.12988299149029E-5	3.90718969902357E-5
24	2.07878284897993E-4	1.63416319482326E-4	1.25307955692232E-4	9.19752952487454E-5	6.1597512546367E-5	3.92991209019747E-5
23	2.08246324732708E-4	1.64597663921012E-4	1.26054963485981E-4	9.27272965306568E-5	6.22215374754528E-5	3.99091922594371E-5
22	2.0943223086679E-4	1.65857482816932E-4	1.27076102580188E-4	9.33050205924067E-5	6.26610680776784E-5	4.01910763964652E-5
21	2.1413523653993E-4	1.67137118494981E-4	1.28163490072005E-4	9.4084344997818E-5	6.31399983635174E-5	4.04517288757364E-5
20	2.14953377291076E-4	1.68318198709906E-4	1.29165846095625E-4	9.48639155574951E-5	6.35882582369627E-5	4.07968562486363E-5
19	2.16527907143247E-4	1.69755311749945E-4	1.30328873520347E-4	9.5707486226271E-5	6.40629418503164E-5	4.12133581305913E-5
18	2.1634375E-4	1.70936656188632E-4	1.3143529790803E-4	9.65052722016147E-5	6.45067191250273E-5	4.15668426453742E-5
17	2.19226865931159E-4	1.72413138569169E-4	1.32286120240563E-4	9.73030581769583E-5	6.52010500763692E-5	4.20716591888501E-5
16	2.2174221647938E-4	1.73968095406939E-4	1.3346818456115E-4	9.82108751090988E-5	6.57899219943269E-5	4.21976939231944E-5
15	2.2399134880264E-4	1.75208361744491E-4	1.34697460383482E-4	9.90729073478071E-5	6.6396252454724E-5	4.24628637764565E-5
14	2.2360299953633E-4	1.76684844125027E-4	1.35756419444141E-4	1.0002650897338E-4	6.70511837224526E-5	4.28077652806568E-5
13	2.27181301821951E-4	1.78161326505564E-4	1.37042552128791E-4	1.01007679876718E-4	6.75301140082915E-5	4.34304852852935E-5
12	2.2820363469616E-4	1.79854472370718E-4	1.38186542657648E-4	1.01741219588697E-4	6.80970447850753E-5	4.36830064913812E-5
11	2.29716961801767E-4	1.8140969343225E-4	1.39586135241654E-4	1.02484113162775E-4	6.8778163866463E-5	4.38343385200742E-5
10	2.31823104748527E-4	1.82964914493781E-4	1.40796374168121E-4	1.03428607080515E-4	6.9450553676631E-5	4.48988577010146E-5
9	2.34849484507964E-4	1.84677612917303E-4	1.42356638153229E-4	1.0497839433777E-4	7.03029552149247E-5	4.46632766473925E-5
8	2.37078307399629E-4	1.86488602580188E-4	1.43623733942014E-4	1.06133596307004E-4	7.10411684486145E-5	4.53867340920249E-5
7	2.39327714174667E-4	1.88437517046694E-4	1.45278420930613E-4	1.06986520837879E-4	7.24432781475016E-5	4.57695815377482E-5
6	2.41863099702706E-4	1.90425800853698E-4	1.46649585083461E-4	1.08288676903775E-4	7.30982094152302E-5	4.58705448464434E-5
5	2.44296663620991E-4	1.92059760596225E-4	1.48143600670958E-4	1.09196493835915E-4	7.32827037420904E-5	4.55972437199978E-5
4	2.47097992922213E-4	1.94028491844861E-4	1.49609187827297E-4	1.1016855703142E-4	7.33968920466943E-5	4.63880100370936E-5
3	2.49224445300567E-4	1.95878850848244E-4	1.51169197987126E-4	1.11333112862754E-4	7.47197305258564E-5	4.6068405827242E-5
2	2.5286422478453E-4	1.97453888691905E-4	1.52455330671776E-4	1.12525237971853E-4	7.47987658193323E-5	4.43813925103644E-5
1	2.53948034857081E-4	1.99402803158411E-4	1.5412905455624E-4	1.12901115535675E-4	7.58403802094698E-5	4.41625257405084E-5
0	2.56033868372245E-4	2.01233609603426E-4	1.55387266460288E-4	1.13487947305259E-4	7.50757432358717E-5	4.63376413170958E-5
-1	2.58814888241872E-4	2.03477926235544E-4	1.56361194052749E-4	1.14744318677722E-4	7.45614240126555E-5	4.57781645483308E-5
-2	2.60184951519201E-4	2.04639453892101E-4	1.58091520974253E-4	1.15523643083133E-4	7.49351311913594E-5	4.21556823450796E-5
-3	2.66176233839734E-4	2.05978011469016E-4	1.59613964992909E-4	1.16110721006982E-4	7.68862412720925E-5	4.25554699432686E-5
-4	2.66809942995854E-4	2.07631523769911E-4	1.60833595454669E-4	1.16633306513201E-4	7.72861362644556E-5	4.36240547608008E-5
-5	2.68752512682741E-4	2.09127822932577E-4	1.61854988374154E-4	1.17421984780711E-4	7.47987658193323E-5	3.99638524847262E-5
-6	2.71288172662557E-4	2.10663227211979E-4	1.6333935860108E-4	1.17862108607899E-4	7.60906979598516E-5	3.53023742635828E-5
-7	2.73455792807659E-4	2.12139709592516E-4	1.64010726461924E-4	1.17696939095571E-4	7.37222343443159E-5	3.63289475030002E-5
-8	2.75848737862754E-4	2.13084837988217E-4	1.64946834087934E-4	1.18531402056513E-4	7.16477348352608E-5	3.29587606371373E-5
-9	2.78137665693869E-4	2.13793486117172E-4	1.66393638173685E-4	1.18293124727253E-4	6.90329642155793E-5	2.36441613367336E-5
-10	2.79957280984072E-4	2.14502134246127E-4	1.66819049339952E-4	1.16981860953524E-4	6.73456196814314E-5	2.48349411207179E-5
-11	2.80632432358717E-4	2.14659611608117E-4	1.66157326839679E-4	1.16990968661357E-4	6.57899219943269E-5	2.27522058422431E-5
-12	2.80797103425704E-4	2.1367537809568E-4	1.66232966772583E-4	1.16220751963779E-4	6.12063468252237E-5	1.55538381484563E-5
-13	2.80407381900502E-4	2.12848357721471E-4	1.66223321412012E-4	1.12204252809295E-4	6.02836392646738E-5	1.51162853037039E-5
-14	2.79161370826969E-4	2.12060970911521E-4	1.63897266562568E-4	1.0916892455815E-4	5.752825660048E-5	1.582309622518E-5
-15	2.76952034011565E-4	2.08104220079642E-4	1.61987231344098E-4	1.07252367444905E-4	4.93458624263583E-5	7.90944753368427E-6
-16	2.72903595829697E-4	2.04088018901375E-4	1.62119728139319E-4	1.03584422730744E-4	4.69420098734453E-5	6.09194986908139E-6
-17	2.62843016992145E-4	2.00583883373336E-4	1.57732104380319E-4	9.63401026892865E-5	4.42437213615536E-5	8.37643106998691E-6
-18	2.55011535498036E-4	1.93890567041239E-4	1.50923495117827E-4	9.18468027220162E-5	3.43385937159066E-5	5.83531785266201E-6
-19	2.44950956660484E-4	1.82059155438577E-4	1.46450839890628E-4	8.58773156229544E-5	2.6296575660048E-5	5.25894610517129E-7
-20	2.28387791839407E-4	1.72275213765547E-4	1.40257503102498E-4	7.34516944414139E-5	2.45563836460834E-5	5.63339123527166E-6
-21	2.08573471252455E-4	1.60167688331879E-4	1.28097241674395E-4	6.6234943677722E-5	1.88260417575824E-5	4.9181779981726E-6
-22	1.88247847002509E-4	1.40087739335588E-4	1.15956270967434E-4	5.97150556404102E-5	1.06962119517783E-5	-1.95632560208924E-6
-23	1.59047001145538E-4	1.2075580780875E-4	1.06311418046312E-4	4.76933736089898E-5	1.07049884082479E-5	-1.21586927912939E-6
-24	1.22874256764128E-4	1.03274499509055E-4	8.73242719356863E-5	3.35163648265328E-5	1.02699404047567E-5	2.93658672335261E-6
-25	9.2917570709688E-5	7.69734020428758E-5	6.91689112617282E-5	2.8427125381846E-5	2.32029691250273E-6	-8.37222991217543E-7
-26	6.17335363026402E-5	4.97670739690159E-5	5.61956474675431E-5	2.20172190704779E-5	1.04149406775038E-6	-4.11038118113136E-6
-27	2.77484470461488E-5	3.61244084797076E-5	4.08300804263037E-5	8.35386039439232E-6	5.58100057276893E-6	2.35181266023893E-6
-28	1.14715354298494E-5	2.15959328292058E-5	2.10769657736472E-5	5.00682699650884E-6	-1.09861417193978E-7	1.41781170732872E-6
-29	1.16760294498691E-5	5.88621842952215E-6	1.34366726045985E-5	5.43781850043639E-6	-2.72018246781584E-6	-3.13013361198996E-6
-30	1.34959466370281E-6	3.24823481480471E-6	1.0477019095707E-5	1.18293370881519E-6	2.6762530002182E-6	7.90944753368427E-7
-31	-4.53954219397774E-6	6.20119957587825E-6	3.70666130264019E-6	-2.24664998363517E-6	2.23679317586734E-6	3.68125323887192E-6
-32	3.3944195941523E-6	-1.47647445382391E-6	-3.82012120199651E-6	3.19116851680122E-6	-3.37497217979489E-6	-1.70389700216834E-6
-33	5.35749082887846E-6	-4.29160160511674E-6	2.25047329635337E-6	1.9348709906175E-6	-5.18549380864063E-7	-5.63759239308313E-7
-34	-4.2328148865372E-6	3.72071974552695E-6	3.65937365331115E-6	-4.04396997054331E-6	2.48288784638883E-6	4.18191379827624E-6
-35	9.40625835288021E-7	2.77577630645865E-6	-4.08488634968907E-6	-2.09992973352607E-6	-2.27635093006764E-6	9.46608943718634E-7
-36	5.09162939122845E-6	-2.97262300894611E-6	-3.30952627236526E-7	1.98989139210124E-6	-1.50291626663757E-6	-3.8874036009437E-6
-37	-2.53559411138992E-6	3.34668458842461E-6	5.46544203783002E-6	-1.22878486389919E-6	2.35105697687105E-6	3.78646287911848E-8
-38	-3.41486625163648E-6	4.96093323832642E-6	-6.90272767564914E-7	-3.76886796312459E-6	-1.04149406775038E-6	5.30100285702597E-7
-39	4.47817477634737E-6	-4.66563676221907E-6	-4.39693914671067E-6	2.58594902356535E-6	-4.29779770346934E-6	-3.07962937077242E-6
-40	8.58830971797949E-7	-2.51985445532402E-6	2.48687600745963E-6	2.19162958215143E-6	8.12980621317914E-7	6.22659020087825E-7
-41	-2.0652825660048E-6	3.32699991817587E-6	4.31183153092952E-6	-4.5299769528693E-6	2.35985230744054E-6	3.99679181213179E-6
-42	2.2084201464652E-6	4.13412424312677E-7	-3.07313879077569E-6	-1.87068134273402E-6	-2.48288784638883E-6	-1.38836972234344E-7
-43	4.19192157156884E-6	-5.61060662366354E-6	-2.13700324398593E-6	1.7881507405084E-6	-1.3930548494436E-6	-1.61134052647011E-6
-44	-3.82385429167576E-6	9.64628109317041E-7	4.41584912993672E-6	-1.92570174421776E-6	3.28708965197469E-6	2.14143855348571E-6
-45	-1.22690099620882E-6	3.99633155138556E-6	-2.70435604407593E-6	-1.86151209633428E-6	-2.44334660702597E-6	-1.38836972234344E-7
-46	5.86868471116081E-6	-3.64195464215579E-6	-2.65706839474689E-6	3.47542746290639E-6	-2.91793584987999E-6	-2.01101744899629E-6
-47	-9.40625835288021E-7	-1.83082758291512E-6	2.77055367663103E-6	-9.44511148538075E-7	3.4057369626882E-6	1.97315282020511E-6
-48	-4.21236822905302E-6	6.12246089488326E-6	-2.26937566482108E-7	-5.18105498581715E-6	1.58201761946323E-6	3.03757261891774E-6
-49	3.5375736417194E-6	-9.44943439068296E-7	-4.29292154770347E-6	9.44511148538075E-7	-2.28514154211215E-6	-2.18351789221034E-6
-50	3.51712698423522E-6	-4.25223226461925E-6	3.20550867335806E-6	1.40301285320751E-6	1.2963769910539E-6	-1.23269875593225E-6
-51	-3.76248687404539E-6	3.87819710751691E-6	3.93360648388065E-6	-3.80554494872354E-6	4.92623445341479E-6	2.3475889155575E-6
-52	-4.70311545385119E-7	1.04337471702487E-6	-2.49633099907266E-6	-1.17376446241545E-6	-2.80367676740127E-6	-1.67865391630755E-6
-53	4.41683480389483E-6	-3.68135040502946E-6	-2.2599282879664E-6	4.01644992363081E-6	-2.2807462360899E-6	-2.49905646547022E-6
-54	-2.37200712892756E-6	-2.75609163620991E-7	4.33074151415557E-6	-2.81519249127209E-6	3.38374863626446E-6	3.79064145006E-6
-55	-3.43531290912066E-6	4.3309973679904E-6	-1.27653301262819E-6	-2.20079882855117E-6	8.26164180122191E-7	5.76380782238708E-7
-56	2.88322571186995E-6	-2.93325366844861E-6	-2.34503082724198E-6	2.89772801658302E-6	-3.01900665502946E-6	-3.11328380700415E-6
-57	6.74797331851407E-7	-2.04737480907702E-6	2.38285333194687E-6	5.77709292494E-7	2.60153515710234E-6	3.40779400433668E-7
-58	-5.05073607626009E-6	5.88621842952215E-6	1.92897819898265E-6	-4.98848850370936E-6	2.86959456142265E-6	3.87057638282784E-6
-59	3.10816638937377E-6	1.12211868249509E-6	-4.54821901251909E-6	1.2654643110408E-6	-4.26705651320096E-6	-2.7935440759328E-6
-60	2.45379924789985E-6	-3.14981146356099E-6	-4.06597636646302E-7	2.50341349825442E-6	1.0502823205324E-6	-3.80554494872354E-6
