Temperature	-Seebeck	Independent Variable	Linear Fit of High Temperature	Independent Variable	Linear Fit of Low Temperature
K	\g(m)V/K	K	\g(m)V/K	K	\g(m)V/K
Temperature	-Seebeck	Temperature	Fit Curve of High Temperature	Temperature	Fit Curve of  Low Temperature
110	5.8431201416623E-5	50	-8.99843921140701E-5	50	9.20882973886651E-6
120	6.25320840226145E-5	50.6006006006006	-8.9271070522923E-5	50.6006006006006	9.69763977417547E-6
130	6.78396898074416E-5	51.2012012012012	-8.85577489317758E-5	51.2012012012012	1.01859880529748E-5
140	7.56838337635597E-5	51.8018018018018	-8.78444273406286E-5	51.8018018018018	1.06738745752646E-5
150	8.2337093649656E-5	52.4024024024024	-8.71311057494814E-5	52.4024024024024	1.11612993410448E-5
160	9.04722990768109E-5	53.003003003003	-8.64177841583343E-5	53.003003003003	1.16482623503153E-5
170	1.02193221671208E-4	53.6036036036036	-8.57044625671871E-5	53.6036036036036	1.21347636030763E-5
180	1.07025499355742E-4	54.2042042042042	-8.49911409760399E-5	54.2042042042042	1.26208030993276E-5
190	1.10244136861194E-4	54.8048048048048	-8.42778193848927E-5	54.8048048048048	1.31063808390694E-5
200	1.14449508216706E-4	55.4054054054054	-8.35644977937456E-5	55.4054054054054	1.35914968223015E-5
210	1.26371666381783E-4	56.006006006006	-8.28511762025984E-5	56.006006006006	1.40761510490241E-5
220	1.36663232632462E-4	56.6066066066066	-8.21378546114512E-5	56.6066066066066	1.45603435192371E-5
230	1.47059209255352E-4	57.2072072072072	-8.1424533020304E-5	57.2072072072072	1.50440742329404E-5
240	1.57001196897752E-4	57.8078078078078	-8.07112114291569E-5	57.8078078078078	1.55273431901341E-5
250	1.63553608071157E-4	58.4084084084084	-7.99978898380097E-5	58.4084084084084	1.60101503908183E-5
260	1.7125696814167E-4	59.009009009009	-7.92845682468625E-5	59.009009009009	1.64924958349928E-5
270	1.81312038323707E-4	59.6096096096096	-7.85712466557153E-5	59.6096096096096	1.69743795226578E-5
280	1.91093013894941E-4	60.2102102102102	-7.78579250645682E-5	60.2102102102102	1.74558014538131E-5
290	1.9917800233942E-4	60.8108108108108	-7.7144603473421E-5	60.8108108108108	1.79367616284589E-5
300	2.07094176357052E-4	61.4114114114114	-7.64312818822738E-5	61.4114114114114	1.8417260046595E-5
310	2.15321998701016E-4	62.012012012012	-7.57179602911266E-5	62.012012012012	1.88972967082215E-5
320	2.23276860143206E-4	62.6126126126126	-7.50046386999794E-5	62.6126126126126	1.93768716133385E-5
330	2.40684811931204E-4	63.2132132132132	-7.42913171088323E-5	63.2132132132132	1.98559847619458E-5
340	2.58904780285078E-4	63.8138138138138	-7.35779955176851E-5	63.8138138138138	2.03346361540435E-5
350	2.82337245415038E-4	64.4144144144144	-7.28646739265379E-5	64.4144144144144	2.08128257896316E-5
360	2.91597460481699E-4	65.015015015015	-7.21513523353907E-5	65.015015015015	2.12905536687102E-5
370	2.960987245616E-4	65.6156156156156	-7.14380307442436E-5	65.6156156156156	2.17678197912791E-5
380	2.94403520724049E-4	66.2162162162162	-7.07247091530964E-5	66.2162162162162	2.22446241573384E-5
390	3.06326290036378E-4	66.8168168168168	-7.00113875619492E-5	66.8168168168168	2.27209667668881E-5
400	3.20818986623977E-4	67.4174174174174	-6.9298065970802E-5	67.4174174174174	2.31968476199283E-5
410	3.34805244848418E-4	68.018018018018	-6.85847443796549E-5	68.018018018018	2.36722667164588E-5
420	3.50992957172816E-4	68.6186186186186	-6.78714227885077E-5	68.6186186186186	2.41472240564797E-5
430	3.61405841947955E-4	69.2192192192192	-6.71581011973605E-5	69.2192192192192	2.4621719639991E-5
440	3.77528189278486E-4	69.8198198198198	-6.64447796062133E-5	69.8198198198198	2.50957534669927E-5
450	3.81234671212355E-4	70.4204204204204	-6.57314580150662E-5	70.4204204204204	2.55693255374848E-5
460	3.95456977058327E-4	71.021021021021	-6.5018136423919E-5	71.021021021021	2.60424358514673E-5
470	4.20545438555609E-4	71.6216216216216	-6.43048148327718E-5	71.6216216216216	2.65150844089402E-5
480	4.3238964930596E-4	72.2222222222222	-6.35914932416246E-5	72.2222222222222	2.69872712099035E-5
490	4.30382045667471E-4	72.8228228228228	-6.28781716504775E-5	72.8228228228228	2.74589962543572E-5
500	4.26469293184449E-4	73.4234234234234	-6.21648500593303E-5	73.4234234234234	2.79302595423014E-5
510	4.45760600518698E-4	74.024024024024	-6.14515284681831E-5	74.024024024024	2.84010610737358E-5
520	4.5215508880048E-4	74.6246246246246	-6.07382068770359E-5	74.6246246246246	2.88714008486608E-5
530	4.70380352039321E-4	75.2252252252252	-6.00248852858887E-5	75.2252252252252	2.9341278867076E-5
540	4.83622504305873E-4	75.8258258258258	-5.93115636947416E-5	75.8258258258258	2.98106951289817E-5
550	4.99049120152049E-4	76.4264264264264	-5.85982421035944E-5	76.4264264264264	3.02796496343778E-5
560	5.08336519641405E-4	77.027027027027	-5.78849205124472E-5	77.027027027027	3.07481423832643E-5
570	5.26420091139594E-4	77.6276276276276	-5.71715989213E-5	77.6276276276276	3.12161733756412E-5
580	5.41228268923796E-4	78.2282282282282	-5.64582773301529E-5	78.2282282282282	3.16837426115085E-5
590	5.64679731822731E-4	78.8288288288288	-5.57449557390057E-5	78.8288288288288	3.21508500908662E-5
600	5.93894887821251E-4	79.4294294294294	-5.50316341478585E-5	79.4294294294294	3.26174958137143E-5
		80.03003003003	-5.43183125567113E-5	80.03003003003	3.30836797800528E-5
		80.6306306306306	-5.36049909655642E-5	80.6306306306306	3.35494019898816E-5
		81.2312312312312	-5.2891669374417E-5	81.2312312312312	3.40146624432009E-5
		81.8318318318318	-5.21783477832698E-5	81.8318318318318	3.44794611400106E-5
		82.4324324324324	-5.14650261921226E-5	82.4324324324324	3.49437980803107E-5
		83.033033033033	-5.07517046009755E-5	83.033033033033	3.54076732641011E-5
		83.6336336336336	-5.00383830098283E-5	83.6336336336336	3.5871086691382E-5
		84.2342342342342	-4.93250614186811E-5	84.2342342342342	3.63340383621533E-5
		84.8348348348348	-4.86117398275339E-5	84.8348348348348	3.67965282764149E-5
		85.4354354354354	-4.78984182363868E-5	85.4354354354354	3.7258556434167E-5
		86.036036036036	-4.71850966452396E-5	86.036036036036	3.77201228354095E-5
		86.6366366366366	-4.64717750540924E-5	86.6366366366366	3.81812274801423E-5
		87.2372372372372	-4.57584534629452E-5	87.2372372372372	3.86418703683656E-5
		87.8378378378378	-4.50451318717981E-5	87.8378378378378	3.91020515000793E-5
		88.4384384384384	-4.43318102806509E-5	88.4384384384384	3.95617708752833E-5
		89.039039039039	-4.36184886895037E-5	89.039039039039	4.00210284939778E-5
		89.6396396396396	-4.29051670983565E-5	89.6396396396396	4.04798243561626E-5
		90.2402402402402	-4.21918455072093E-5	90.2402402402402	4.09381584618379E-5
		90.8408408408408	-4.14785239160622E-5	90.8408408408408	4.13960308110035E-5
		91.4414414414414	-4.0765202324915E-5	91.4414414414414	4.18534414036596E-5
		92.042042042042	-4.00518807337678E-5	92.042042042042	4.2310390239806E-5
		92.6426426426426	-3.93385591426207E-5	92.6426426426426	4.27668773194429E-5
		93.2432432432432	-3.86252375514735E-5	93.2432432432432	4.32229026425701E-5
		93.8438438438438	-3.79119159603263E-5	93.8438438438438	4.36784662091877E-5
		94.4444444444444	-3.71985943691791E-5	94.4444444444444	4.41335680192958E-5
		95.045045045045	-3.64852727780319E-5	95.045045045045	4.45882080728942E-5
		95.6456456456456	-3.57719511868848E-5	95.6456456456456	4.50423863699831E-5
		96.2462462462462	-3.50586295957376E-5	96.2462462462462	4.54961029105623E-5
		96.8468468468468	-3.43453080045904E-5	96.8468468468468	4.59493576946319E-5
		97.4474474474474	-3.36319864134432E-5	97.4474474474474	4.6402150722192E-5
		98.048048048048	-3.29186648222961E-5	98.048048048048	4.68544819932424E-5
		98.6486486486486	-3.22053432311489E-5	98.6486486486486	4.73063515077832E-5
		99.2492492492493	-3.14920216400017E-5	99.2492492492493	4.77577592658145E-5
		99.8498498498498	-3.07787000488545E-5	99.8498498498498	4.82087052673361E-5
		100.45045045045	-3.00653784577074E-5	100.45045045045	4.86591895123481E-5
		101.051051051051	-2.93520568665602E-5	101.051051051051	4.91092120008505E-5
		101.651651651652	-2.8638735275413E-5	101.651651651652	4.95587727328434E-5
		102.252252252252	-2.79254136842658E-5	102.252252252252	5.00078717083266E-5
		102.852852852853	-2.72120920931187E-5	102.852852852853	5.04565089273002E-5
		103.453453453453	-2.64987705019715E-5	103.453453453453	5.09046843897642E-5
		104.054054054054	-2.57854489108243E-5	104.054054054054	5.13523980957186E-5
		104.654654654655	-2.50721273196771E-5	104.654654654655	5.17996500451634E-5
		105.255255255255	-2.43588057285299E-5	105.255255255255	5.22464402380986E-5
		105.855855855856	-2.36454841373828E-5	105.855855855856	5.26927686745242E-5
		106.456456456456	-2.29321625462356E-5	106.456456456456	5.31386353544402E-5
		107.057057057057	-2.22188409550884E-5	107.057057057057	5.35840402778466E-5
		107.657657657658	-2.15055193639412E-5	107.657657657658	5.40289834447435E-5
		108.258258258258	-2.07921977727941E-5	108.258258258258	5.44734648551306E-5
		108.858858858859	-2.00788761816469E-5	108.858858858859	5.49174845090082E-5
		109.459459459459	-1.93655545904997E-5	109.459459459459	5.53610424063762E-5
		110.06006006006	-1.86522329993525E-5	110.06006006006	5.58041385472346E-5
		110.660660660661	-1.79389114082054E-5	110.660660660661	5.62467729315834E-5
		111.261261261261	-1.72255898170582E-5	111.261261261261	5.66889455594226E-5
		111.861861861862	-1.6512268225911E-5	111.861861861862	5.71306564307522E-5
		112.462462462462	-1.57989466347638E-5	112.462462462462	5.75719055455722E-5
		113.063063063063	-1.50856250436167E-5	113.063063063063	5.80126929038826E-5
		113.663663663664	-1.43723034524695E-5	113.663663663664	5.84530185056834E-5
		114.264264264264	-1.36589818613223E-5	114.264264264264	5.88928823509746E-5
		114.864864864865	-1.29456602701751E-5	114.864864864865	5.93322844397561E-5
		115.465465465465	-1.2232338679028E-5	115.465465465465	5.97712247720281E-5
		116.066066066066	-1.15190170878808E-5	116.066066066066	6.02097033477905E-5
		116.666666666667	-1.08056954967336E-5	116.666666666667	6.06477201670433E-5
		117.267267267267	-1.00923739055864E-5	117.267267267267	6.10852752297864E-5
		117.867867867868	-9.37905231443927E-6	117.867867867868	6.152236853602E-5
		118.468468468468	-8.66573072329208E-6	118.468468468468	6.1959000085744E-5
		119.069069069069	-7.95240913214492E-6	119.069069069069	6.23951698789583E-5
		119.66966966967	-7.23908754099773E-6	119.66966966967	6.28308779156631E-5
		120.27027027027	-6.52576594985057E-6	120.27027027027	6.32661241958583E-5
		120.870870870871	-5.81244435870338E-6	120.870870870871	6.37009087195439E-5
		121.471471471471	-5.09912276755621E-6	121.471471471471	6.41352314867198E-5
		122.072072072072	-4.38580117640902E-6	122.072072072072	6.45690924973862E-5
		122.672672672673	-3.67247958526186E-6	122.672672672673	6.50024917515429E-5
		123.273273273273	-2.95915799411467E-6	123.273273273273	6.54354292491901E-5
		123.873873873874	-2.24583640296751E-6	123.873873873874	6.58679049903276E-5
		124.474474474474	-1.53251481182031E-6	124.474474474474	6.62999189749556E-5
		125.075075075075	-8.19193220673152E-7	125.075075075075	6.67314712030739E-5
		125.675675675676	-1.05871629525988E-7	125.675675675676	6.71625616746827E-5
		126.276276276276	6.07449961621202E-7	126.276276276276	6.75931903897819E-5
		126.876876876877	1.32077155276837E-6	126.876876876877	6.80233573483714E-5
		127.477477477477	2.03409314391556E-6	127.477477477477	6.84530625504513E-5
		128.078078078078	2.74741473506272E-6	128.078078078078	6.88823059960217E-5
		128.678678678679	3.46073632620991E-6	128.678678678679	6.93110876850824E-5
		129.279279279279	4.17405791735707E-6	129.279279279279	6.97394076176336E-5
		129.87987987988	4.88737950850424E-6	129.87987987988	7.01672657936751E-5
		130.48048048048	5.60070109965143E-6	130.48048048048	7.0594662213207E-5
		131.081081081081	6.31402269079862E-6	131.081081081081	7.10215968762294E-5
		131.681681681682	7.02734428194578E-6	131.681681681682	7.14480697827421E-5
		132.282282282282	7.74066587309294E-6	132.282282282282	7.18740809327452E-5
		132.882882882883	8.45398746424013E-6	132.882882882883	7.22996303262388E-5
		133.483483483484	9.16730905538732E-6	133.483483483484	7.27247179632227E-5
		134.084084084084	9.88063064653449E-6	134.084084084084	7.3149343843697E-5
		134.684684684685	1.05939522376816E-5	134.684684684685	7.35735079676617E-5
		135.285285285285	1.13072738288288E-5	135.285285285285	7.39972103351169E-5
		135.885885885886	1.2020595419976E-5	135.885885885886	7.44204509460624E-5
		136.486486486486	1.27339170111232E-5	136.486486486486	7.48432298004983E-5
		137.087087087087	1.34472386022704E-5	137.087087087087	7.52655468984246E-5
		137.687687687688	1.41605601934175E-5	137.687687687688	7.56874022398413E-5
		138.288288288288	1.48738817845647E-5	138.288288288288	7.61087958247484E-5
		138.888888888889	1.55872033757119E-5	138.888888888889	7.65297276531459E-5
		139.489489489489	1.6300524966859E-5	139.489489489489	7.69501977250338E-5
		140.09009009009	1.70138465580062E-5	140.09009009009	7.73702060404122E-5
		140.690690690691	1.77271681491534E-5	140.690690690691	7.77897525992809E-5
		141.291291291291	1.84404897403006E-5	141.291291291291	7.820883740164E-5
		141.891891891892	1.91538113314477E-5	141.891891891892	7.86274604474895E-5
		142.492492492492	1.98671329225949E-5	142.492492492492	7.90456217368294E-5
		143.093093093093	2.05804545137421E-5	143.093093093093	7.94633212696597E-5
		143.693693693694	2.12937761048893E-5	143.693693693694	7.98805590459804E-5
		144.294294294294	2.20070976960364E-5	144.294294294294	8.02973350657914E-5
		144.894894894895	2.27204192871836E-5	144.894894894895	8.0713649329093E-5
		145.495495495496	2.34337408783308E-5	145.495495495496	8.11295018358849E-5
		146.096096096096	2.4147062469478E-5	146.096096096096	8.15448925861671E-5
		146.696696696697	2.48603840606252E-5	146.696696696697	8.19598215799398E-5
		147.297297297297	2.55737056517723E-5	147.297297297297	8.23742888172029E-5
		147.897897897898	2.62870272429195E-5	147.897897897898	8.27882942979564E-5
		148.498498498499	2.70003488340667E-5	148.498498498499	8.32018380222003E-5
		149.099099099099	2.77136704252139E-5	149.099099099099	8.36149199899346E-5
		149.6996996997	2.84269920163611E-5	149.6996996997	8.40275402011592E-5
		150.3003003003	2.91403136075082E-5	150.3003003003	8.44396986558743E-5
		150.900900900901	2.98536351986554E-5	150.900900900901	8.48513953540798E-5
		151.501501501502	3.05669567898026E-5	151.501501501502	8.52626302957757E-5
		152.102102102102	3.12802783809498E-5	152.102102102102	8.56734034809619E-5
		152.702702702703	3.1993599972097E-5	152.702702702703	8.60837149096386E-5
		153.303303303303	3.27069215632441E-5	153.303303303303	8.64935645818057E-5
		153.903903903904	3.34202431543913E-5	153.903903903904	8.69029524974632E-5
		154.504504504505	3.41335647455384E-5	154.504504504505	8.7311878656611E-5
		155.105105105105	3.48468863366857E-5	155.105105105105	8.77203430592493E-5
		155.705705705706	3.55602079278328E-5	155.705705705706	8.8128345705378E-5
		156.306306306306	3.627352951898E-5	156.306306306306	8.8535886594997E-5
		156.906906906907	3.69868511101271E-5	156.906906906907	8.89429657281065E-5
		157.507507507508	3.77001727012743E-5	157.507507507508	8.93495831047063E-5
		158.108108108108	3.84134942924215E-5	158.108108108108	8.97557387247966E-5
		158.708708708709	3.91268158835687E-5	158.708708708709	9.01614325883773E-5
		159.309309309309	3.98401374747159E-5	159.309309309309	9.05666646954483E-5
		159.90990990991	4.0553459065863E-5	159.90990990991	9.09714350460097E-5
		160.510510510511	4.12667806570102E-5	160.510510510511	9.13757436400616E-5
		161.111111111111	4.19801022481574E-5	161.111111111111	9.17795904776038E-5
		161.711711711712	4.26934238393046E-5	161.711711711712	9.21829755586365E-5
		162.312312312312	4.34067454304518E-5	162.312312312312	9.25858988831595E-5
		162.912912912913	4.41200670215989E-5	162.912912912913	9.2988360451173E-5
		163.513513513514	4.48333886127461E-5	163.513513513514	9.33903602626768E-5
		164.114114114114	4.55467102038933E-5	164.114114114114	9.37918983176711E-5
		164.714714714715	4.62600317950405E-5	164.714714714715	9.41929746161557E-5
		165.315315315315	4.69733533861876E-5	165.315315315315	9.45935891581307E-5
		165.915915915916	4.76866749773348E-5	165.915915915916	9.49937419435962E-5
		166.516516516517	4.8399996568482E-5	166.516516516517	9.5393432972552E-5
		167.117117117117	4.91133181596292E-5	167.117117117117	9.57926622449982E-5
		167.717717717718	4.98266397507764E-5	167.717717717718	9.61914297609349E-5
		168.318318318318	5.05399613419235E-5	168.318318318318	9.65897355203619E-5
		168.918918918919	5.12532829330707E-5	168.918918918919	9.69875795232793E-5
		169.51951951952	5.19666045242179E-5	169.51951951952	9.73849617696871E-5
		170.12012012012	5.26799261153651E-5	170.12012012012	9.77818822595854E-5
		170.720720720721	5.33932477065122E-5	170.720720720721	9.8178340992974E-5
		171.321321321321	5.41065692976594E-5	171.321321321321	9.8574337969853E-5
		171.921921921922	5.48198908888066E-5	171.921921921922	9.89698731902224E-5
		172.522522522523	5.55332124799537E-5	172.522522522523	9.93649466540822E-5
		173.123123123123	5.62465340711009E-5	173.123123123123	9.97595583614324E-5
		173.723723723724	5.69598556622481E-5	173.723723723724	1.00153708312273E-4
		174.324324324324	5.76731772533953E-5	174.324324324324	1.00547396506604E-4
		174.924924924925	5.83864988445424E-5	174.924924924925	1.00940622944425E-4
		175.525525525526	5.90998204356896E-5	175.525525525526	1.01333387625737E-4
		176.126126126126	5.98131420268368E-5	176.126126126126	1.01725690550539E-4
		176.726726726727	6.0526463617984E-5	176.726726726727	1.02117531718832E-4
		177.327327327327	6.12397852091312E-5	177.327327327327	1.02508911130615E-4
		177.927927927928	6.19531068002783E-5	177.927927927928	1.02899828785888E-4
		178.528528528529	6.26664283914255E-5	178.528528528529	1.03290284684652E-4
		179.129129129129	6.33797499825727E-5	179.129129129129	1.03680278826906E-4
		179.72972972973	6.40930715737199E-5	179.72972972973	1.04069811212651E-4
		180.33033033033	6.4806393164867E-5	180.33033033033	1.04458881841886E-4
		180.930930930931	6.55197147560142E-5	180.930930930931	1.04847490714611E-4
		181.531531531532	6.62330363471614E-5	181.531531531532	1.05235637830827E-4
		182.132132132132	6.69463579383086E-5	182.132132132132	1.05623323190533E-4
		182.732732732733	6.76596795294557E-5	182.732732732733	1.0601054679373E-4
		183.333333333333	6.83730011206029E-5	183.333333333333	1.06397308640417E-4
		183.933933933934	6.90863227117501E-5	183.933933933934	1.06783608730594E-4
		184.534534534535	6.97996443028973E-5	184.534534534535	1.07169447064262E-4
		185.135135135135	7.05129658940444E-5	185.135135135135	1.0755482364142E-4
		185.735735735736	7.12262874851916E-5	185.735735735736	1.07939738462069E-4
		186.336336336336	7.19396090763388E-5	186.336336336336	1.08324191526208E-4
		186.936936936937	7.2652930667486E-5	186.936936936937	1.08708182833837E-4
		187.537537537538	7.33662522586331E-5	187.537537537538	1.09091712384957E-4
		188.138138138138	7.40795738497803E-5	188.138138138138	1.09474780179567E-4
		188.738738738739	7.47928954409275E-5	188.738738738739	1.09857386217668E-4
		189.339339339339	7.55062170320747E-5	189.339339339339	1.10239530499259E-4
		189.93993993994	7.62195386232218E-5	189.93993993994	1.1062121302434E-4
		190.540540540541	7.6932860214369E-5	190.540540540541	1.11002433792912E-4
		191.141141141141	7.76461818055162E-5	191.141141141141	1.11383192804974E-4
		191.741741741742	7.83595033966634E-5	191.741741741742	1.11763490060527E-4
		192.342342342342	7.90728249878105E-5	192.342342342342	1.1214332555957E-4
		192.942942942943	7.97861465789577E-5	192.942942942943	1.12522699302103E-4
		193.543543543544	8.04994681701049E-5	193.543543543544	1.12901611288127E-4
		194.144144144144	8.12127897612521E-5	194.144144144144	1.13280061517641E-4
		194.744744744745	8.19261113523992E-5	194.744744744745	1.13658049990645E-4
		195.345345345345	8.26394329435464E-5	195.345345345345	1.1403557670714E-4
		195.945945945946	8.33527545346936E-5	195.945945945946	1.14412641667126E-4
		196.546546546547	8.40660761258408E-5	196.546546546547	1.14789244870601E-4
		197.147147147147	8.47793977169879E-5	197.147147147147	1.15165386317567E-4
		197.747747747748	8.54927193081351E-5	197.747747747748	1.15541066008024E-4
		198.348348348348	8.62060408992823E-5	198.348348348348	1.15916283941971E-4
		198.948948948949	8.69193624904295E-5	198.948948948949	1.16291040119408E-4
		199.54954954955	8.76326840815766E-5	199.54954954955	1.16665334540336E-4
		200.15015015015	8.83460056727238E-5	200.15015015015	1.17039167204754E-4
		200.750750750751	8.9059327263871E-5	200.750750750751	1.17412538112663E-4
		201.351351351351	8.97726488550182E-5	201.351351351351	1.17785447264062E-4
		201.951951951952	9.04859704461653E-5	201.951951951952	1.18157894658951E-4
		202.552552552553	9.11992920373125E-5	202.552552552553	1.18529880297331E-4
		203.153153153153	9.19126136284597E-5	203.153153153153	1.18901404179201E-4
		203.753753753754	9.26259352196069E-5	203.753753753754	1.19272466304561E-4
		204.354354354354	9.33392568107541E-5	204.354354354354	1.19643066673412E-4
		204.954954954955	9.40525784019012E-5	204.954954954955	1.20013205285754E-4
		205.555555555556	9.47658999930484E-5	205.555555555556	1.20382882141585E-4
		206.156156156156	9.54792215841956E-5	206.156156156156	1.20752097240907E-4
		206.756756756757	9.61925431753428E-5	206.756756756757	1.2112085058372E-4
		207.357357357357	9.690586476649E-5	207.357357357357	1.21489142170023E-4
		207.957957957958	9.76191863576371E-5	207.957957957958	1.21856971999816E-4
		208.558558558559	9.83325079487843E-5	208.558558558559	1.222243400731E-4
		209.159159159159	9.90458295399315E-5	209.159159159159	1.22591246389874E-4
		209.75975975976	9.97591511310786E-5	209.75975975976	1.22957690950138E-4
		210.36036036036	1.00472472722226E-4	210.36036036036	1.23323673753893E-4
		210.960960960961	1.01185794313373E-4	210.960960960961	1.23689194801139E-4
		211.561561561562	1.0189911590452E-4	211.561561561562	1.24054254091874E-4
		212.162162162162	1.02612437495667E-4	212.162162162162	1.244188516261E-4
		212.762762762763	1.03325759086815E-4	212.762762762763	1.24782987403817E-4
		213.363363363363	1.04039080677962E-4	213.363363363363	1.25146661425024E-4
		213.963963963964	1.04752402269109E-4	213.963963963964	1.25509873689721E-4
		214.564564564565	1.05465723860256E-4	214.564564564565	1.25872624197909E-4
		215.165165165165	1.06179045451403E-4	215.165165165165	1.26234912949587E-4
		215.765765765766	1.0689236704255E-4	215.765765765766	1.26596739944755E-4
		216.366366366366	1.07605688633698E-4	216.366366366366	1.26958105183414E-4
		216.966966966967	1.08319010224845E-4	216.966966966967	1.27319008665564E-4
		217.567567567568	1.09032331815992E-4	217.567567567568	1.27679450391203E-4
		218.168168168168	1.09745653407139E-4	218.168168168168	1.28039430360333E-4
		218.768768768769	1.10458974998286E-4	218.768768768769	1.28398948572954E-4
		219.369369369369	1.11172296589433E-4	219.369369369369	1.28758005029065E-4
		219.96996996997	1.11885618180581E-4	219.96996996997	1.29116599728666E-4
		220.570570570571	1.12598939771728E-4	220.570570570571	1.29474732671758E-4
		221.171171171171	1.13312261362875E-4	221.171171171171	1.2983240385834E-4
		221.771771771772	1.14025582954022E-4	221.771771771772	1.30189613288412E-4
		222.372372372372	1.14738904545169E-4	222.372372372372	1.30546360961975E-4
		222.972972972973	1.15452226136316E-4	222.972972972973	1.30902646879028E-4
		223.573573573574	1.16165547727464E-4	223.573573573574	1.31258471039572E-4
		224.174174174174	1.16878869318611E-4	224.174174174174	1.31613833443606E-4
		224.774774774775	1.17592190909758E-4	224.774774774775	1.31968734091131E-4
		225.375375375375	1.18305512500905E-4	225.375375375375	1.32323172982145E-4
		225.975975975976	1.19018834092052E-4	225.975975975976	1.32677150116651E-4
		226.576576576577	1.197321556832E-4	226.576576576577	1.33030665494646E-4
		227.177177177177	1.20445477274347E-4	227.177177177177	1.33383719116132E-4
		227.777777777778	1.21158798865494E-4	227.777777777778	1.33736310981109E-4
		228.378378378378	1.21872120456641E-4	228.378378378378	1.34088441089576E-4
		228.978978978979	1.22585442047788E-4	228.978978978979	1.34440109441533E-4
		229.57957957958	1.23298763638935E-4	229.57957957958	1.34791316036981E-4
		230.18018018018	1.24012085230083E-4	230.18018018018	1.35142060875919E-4
		230.780780780781	1.2472540682123E-4	230.780780780781	1.35492343958347E-4
		231.381381381381	1.25438728412377E-4	231.381381381381	1.35842165284266E-4
		231.981981981982	1.26152050003524E-4	231.981981981982	1.36191524853675E-4
		232.582582582583	1.26865371594671E-4	232.582582582583	1.36540422666575E-4
		233.183183183183	1.27578693185819E-4	233.183183183183	1.36888858722965E-4
		233.783783783784	1.28292014776966E-4	233.783783783784	1.37236833022845E-4
		234.384384384384	1.29005336368113E-4	234.384384384384	1.37584345566216E-4
		234.984984984985	1.2971865795926E-4	234.984984984985	1.37931396353077E-4
		235.585585585586	1.30431979550407E-4	235.585585585586	1.38277985383429E-4
		236.186186186186	1.31145301141554E-4	236.186186186186	1.38624112657271E-4
		236.786786786787	1.31858622732702E-4	236.786786786787	1.38969778174603E-4
		237.387387387387	1.32571944323849E-4	237.387387387387	1.39314981935426E-4
		237.987987987988	1.33285265914996E-4	237.987987987988	1.39659723939739E-4
		238.588588588589	1.33998587506143E-4	238.588588588589	1.40004004187543E-4
		239.189189189189	1.3471190909729E-4	239.189189189189	1.40347822678837E-4
		239.78978978979	1.35425230688437E-4	239.78978978979	1.40691179413622E-4
		240.39039039039	1.36138552279585E-4	240.39039039039	1.41034074391896E-4
		240.990990990991	1.36851873870732E-4	240.990990990991	1.41376507613662E-4
		241.591591591592	1.37565195461879E-4	241.591591591592	1.41718479078917E-4
		242.192192192192	1.38278517053026E-4	242.192192192192	1.42059988787663E-4
		242.792792792793	1.38991838644173E-4	242.792792792793	1.424010367399E-4
		243.393393393393	1.39705160235321E-4	243.393393393393	1.42741622935626E-4
		243.993993993994	1.40418481826468E-4	243.993993993994	1.43081747374844E-4
		244.594594594595	1.41131803417615E-4	244.594594594595	1.43421410057551E-4
		245.195195195195	1.41845125008762E-4	245.195195195195	1.43760610983749E-4
		245.795795795796	1.42558446599909E-4	245.795795795796	1.44099350153438E-4
		246.396396396396	1.43271768191056E-4	246.396396396396	1.44437627566616E-4
		246.996996996997	1.43985089782204E-4	246.996996996997	1.44775443223286E-4
		247.597597597598	1.44698411373351E-4	247.597597597598	1.45112797123445E-4
		248.198198198198	1.45411732964498E-4	248.198198198198	1.45449689267095E-4
		248.798798798799	1.46125054555645E-4	248.798798798799	1.45786119654236E-4
		249.399399399399	1.46838376146792E-4	249.399399399399	1.46122088284866E-4
		250	1.47551697737939E-4	250	1.46457595158988E-4
		250.600600600601	1.48265019329087E-4	250.600600600601	1.46792640276599E-4
		251.201201201201	1.48978340920234E-4	251.201201201201	1.47127223637701E-4
		251.801801801802	1.49691662511381E-4	251.801801801802	1.47461345242294E-4
		252.402402402402	1.50404984102528E-4	252.402402402402	1.47795005090376E-4
		253.003003003003	1.51118305693675E-4	253.003003003003	1.4812820318195E-4
		253.603603603604	1.51831627284822E-4	253.603603603604	1.48460939517013E-4
		254.204204204204	1.5254494887597E-4	254.204204204204	1.48793214095567E-4
		254.804804804805	1.53258270467117E-4	254.804804804805	1.49125026917611E-4
		255.405405405405	1.53971592058264E-4	255.405405405405	1.49456377983146E-4
		256.006006006006	1.54684913649411E-4	256.006006006006	1.49787267292171E-4
		256.606606606607	1.55398235240558E-4	256.606606606607	1.50117694844687E-4
		257.207207207207	1.56111556831706E-4	257.207207207207	1.50447660640693E-4
		257.807807807808	1.56824878422853E-4	257.807807807808	1.50777164680189E-4
		258.408408408408	1.57538200014E-4	258.408408408408	1.51106206963176E-4
		259.009009009009	1.58251521605147E-4	259.009009009009	1.51434787489653E-4
		259.60960960961	1.58964843196294E-4	259.60960960961	1.51762906259621E-4
		260.21021021021	1.59678164787441E-4	260.21021021021	1.52090563273079E-4
		260.810810810811	1.60391486378589E-4	260.810810810811	1.52417758530027E-4
		261.411411411411	1.61104807969736E-4	261.411411411411	1.52744492030466E-4
		262.012012012012	1.61818129560883E-4	262.012012012012	1.53070763774395E-4
		262.612612612613	1.6253145115203E-4	262.612612612613	1.53396573761815E-4
		263.213213213213	1.63244772743177E-4	263.213213213213	1.53721921992724E-4
		263.813813813814	1.63958094334324E-4	263.813813813814	1.54046808467125E-4
		264.414414414414	1.64671415925472E-4	264.414414414414	1.54371233185016E-4
		265.015015015015	1.65384737516619E-4	265.015015015015	1.54695196146397E-4
		265.615615615616	1.66098059107766E-4	265.615615615616	1.55018697351268E-4
		266.216216216216	1.66811380698913E-4	266.216216216216	1.5534173679963E-4
		266.816816816817	1.6752470229006E-4	266.816816816817	1.55664314491483E-4
		267.417417417417	1.68238023881208E-4	267.417417417417	1.55986430426825E-4
		268.018018018018	1.68951345472355E-4	268.018018018018	1.56308084605658E-4
		268.618618618619	1.69664667063502E-4	268.618618618619	1.56629277027982E-4
		269.219219219219	1.70377988654649E-4	269.219219219219	1.56950007693796E-4
		269.81981981982	1.71091310245796E-4	269.81981981982	1.572702766031E-4
		270.42042042042	1.71804631836943E-4	270.42042042042	1.57590083755895E-4
		271.021021021021	1.72517953428091E-4	271.021021021021	1.5790942915218E-4
		271.621621621622	1.73231275019238E-4	271.621621621622	1.58228312791956E-4
		272.222222222222	1.73944596610385E-4	272.222222222222	1.58546734675222E-4
		272.822822822823	1.74657918201532E-4	272.822822822823	1.58864694801978E-4
		273.423423423423	1.75371239792679E-4	273.423423423423	1.59182193172225E-4
		274.024024024024	1.76084561383826E-4	274.024024024024	1.59499229785962E-4
		274.624624624625	1.76797882974974E-4	274.624624624625	1.59815804643189E-4
		275.225225225225	1.77511204566121E-4	275.225225225225	1.60131917743907E-4
		275.825825825826	1.78224526157268E-4	275.825825825826	1.60447569088116E-4
		276.426426426426	1.78937847748415E-4	276.426426426426	1.60762758675814E-4
		277.027027027027	1.79651169339562E-4	277.027027027027	1.61077486507003E-4
		277.627627627628	1.80364490930709E-4	277.627627627628	1.61391752581683E-4
		278.228228228228	1.81077812521857E-4	278.228228228228	1.61705556899853E-4
		278.828828828829	1.81791134113004E-4	278.828828828829	1.62018899461513E-4
		279.429429429429	1.82504455704151E-4	279.429429429429	1.62331780266664E-4
		280.03003003003	1.83217777295298E-4	280.03003003003	1.62644199315305E-4
		280.630630630631	1.83931098886445E-4	280.630630630631	1.62956156607436E-4
		281.231231231231	1.84644420477593E-4	281.231231231231	1.63267652143058E-4
		281.831831831832	1.8535774206874E-4	281.831831831832	1.63578685922171E-4
		282.432432432432	1.86071063659887E-4	282.432432432432	1.63889257944773E-4
		283.033033033033	1.86784385251034E-4	283.033033033033	1.64199368210866E-4
		283.633633633634	1.87497706842181E-4	283.633633633634	1.6450901672045E-4
		284.234234234234	1.88211028433328E-4	284.234234234234	1.64818203473524E-4
		284.834834834835	1.88924350024476E-4	284.834834834835	1.65126928470088E-4
		285.435435435435	1.89637671615623E-4	285.435435435435	1.65435191710143E-4
		286.036036036036	1.9035099320677E-4	286.036036036036	1.65742993193688E-4
		286.636636636637	1.91064314797917E-4	286.636636636637	1.66050332920723E-4
		287.237237237237	1.91777636389064E-4	287.237237237237	1.66357210891249E-4
		287.837837837838	1.92490957980211E-4	287.837837837838	1.66663627105265E-4
		288.438438438438	1.93204279571359E-4	288.438438438438	1.66969581562772E-4
		289.039039039039	1.93917601162506E-4	289.039039039039	1.67275074263769E-4
		289.63963963964	1.94630922753653E-4	289.63963963964	1.67580105208257E-4
		290.24024024024	1.953442443448E-4	290.24024024024	1.67884674396235E-4
		290.840840840841	1.96057565935947E-4	290.840840840841	1.68188781827703E-4
		291.441441441441	1.96770887527095E-4	291.441441441441	1.68492427502661E-4
		292.042042042042	1.97484209118242E-4	292.042042042042	1.6879561142111E-4
		292.642642642643	1.98197530709389E-4	292.642642642643	1.6909833358305E-4
		293.243243243243	1.98910852300536E-4	293.243243243243	1.6940059398848E-4
		293.843843843844	1.99624173891683E-4	293.843843843844	1.697023926374E-4
		294.444444444444	2.0033749548283E-4	294.444444444444	1.70003729529811E-4
		295.045045045045	2.01050817073978E-4	295.045045045045	1.70304604665712E-4
		295.645645645646	2.01764138665125E-4	295.645645645646	1.70605018045103E-4
		296.246246246246	2.02477460256272E-4	296.246246246246	1.70904969667985E-4
		296.846846846847	2.03190781847419E-4	296.846846846847	1.71204459534357E-4
		297.447447447447	2.03904103438566E-4	297.447447447447	1.7150348764422E-4
		298.048048048048	2.04617425029713E-4	298.048048048048	1.71802053997573E-4
		298.648648648649	2.05330746620861E-4	298.648648648649	1.72100158594417E-4
		299.249249249249	2.06044068212008E-4	299.249249249249	1.7239780143475E-4
		299.84984984985	2.06757389803155E-4	299.84984984985	1.72694982518575E-4
		300.45045045045	2.07470711394302E-4	300.45045045045	1.72991701845889E-4
		301.051051051051	2.08184032985449E-4	301.051051051051	1.73287959416694E-4
		301.651651651652	2.08897354576597E-4	301.651651651652	1.7358375523099E-4
		302.252252252252	2.09610676167744E-4	302.252252252252	1.73879089288776E-4
		302.852852852853	2.10323997758891E-4	302.852852852853	1.74173961590052E-4
		303.453453453453	2.11037319350038E-4	303.453453453453	1.74468372134818E-4
		304.054054054054	2.11750640941185E-4	304.054054054054	1.74762320923075E-4
		304.654654654655	2.12463962532332E-4	304.654654654655	1.75055807954823E-4
		305.255255255255	2.1317728412348E-4	305.255255255255	1.75348833230061E-4
		305.855855855856	2.13890605714627E-4	305.855855855856	1.75641396748789E-4
		306.456456456456	2.14603927305774E-4	306.456456456456	1.75933498511008E-4
		307.057057057057	2.15317248896921E-4	307.057057057057	1.76225138516717E-4
		307.657657657658	2.16030570488068E-4	307.657657657658	1.76516316765916E-4
		308.258258258258	2.16743892079215E-4	308.258258258258	1.76807033258606E-4
		308.858858858859	2.17457213670363E-4	308.858858858859	1.77097287994786E-4
		309.459459459459	2.1817053526151E-4	309.459459459459	1.77387080974457E-4
		310.06006006006	2.18883856852657E-4	310.06006006006	1.77676412197618E-4
		310.660660660661	2.19597178443804E-4	310.660660660661	1.77965281664269E-4
		311.261261261261	2.20310500034951E-4	311.261261261261	1.78253689374411E-4
		311.861861861862	2.21023821626099E-4	311.861861861862	1.78541635328043E-4
		312.462462462462	2.21737143217246E-4	312.462462462462	1.78829119525166E-4
		313.063063063063	2.22450464808393E-4	313.063063063063	1.79116141965779E-4
		313.663663663664	2.2316378639954E-4	313.663663663664	1.79402702649882E-4
		314.264264264264	2.23877107990687E-4	314.264264264264	1.79688801577476E-4
		314.864864864865	2.24590429581834E-4	314.864864864865	1.7997443874856E-4
		315.465465465465	2.25303751172982E-4	315.465465465465	1.80259614163135E-4
		316.066066066066	2.26017072764129E-4	316.066066066066	1.805443278212E-4
		316.666666666667	2.26730394355276E-4	316.666666666667	1.80828579722755E-4
		317.267267267267	2.27443715946423E-4	317.267267267267	1.81112369867801E-4
		317.867867867868	2.2815703753757E-4	317.867867867868	1.81395698256337E-4
		318.468468468468	2.28870359128717E-4	318.468468468468	1.81678564888364E-4
		319.069069069069	2.29583680719865E-4	319.069069069069	1.81960969763881E-4
		319.66966966967	2.30297002311012E-4	319.66966966967	1.82242912882888E-4
		320.27027027027	2.31010323902159E-4	320.27027027027	1.82524394245386E-4
		320.870870870871	2.31723645493306E-4	320.870870870871	1.82805413851374E-4
		321.471471471471	2.32436967084453E-4	321.471471471471	1.83085971700853E-4
		322.072072072072	2.33150288675601E-4	322.072072072072	1.83366067793822E-4
		322.672672672673	2.33863610266748E-4	322.672672672673	1.83645702130281E-4
		323.273273273273	2.34576931857895E-4	323.273273273273	1.83924874710231E-4
		323.873873873874	2.35290253449042E-4	323.873873873874	1.84203585533671E-4
		324.474474474475	2.36003575040189E-4	324.474474474475	1.84481834600602E-4
		325.075075075075	2.36716896631336E-4	325.075075075075	1.84759621911023E-4
		325.675675675676	2.37430218222484E-4	325.675675675676	1.85036947464934E-4
		326.276276276276	2.38143539813631E-4	326.276276276276	1.85313811262336E-4
		326.876876876877	2.38856861404778E-4	326.876876876877	1.85590213303228E-4
		327.477477477477	2.39570182995925E-4	327.477477477477	1.8586615358761E-4
		328.078078078078	2.40283504587072E-4	328.078078078078	1.86141632115483E-4
		328.678678678679	2.40996826178219E-4	328.678678678679	1.86416648886847E-4
		329.279279279279	2.41710147769367E-4	329.279279279279	1.866912039017E-4
		329.87987987988	2.42423469360514E-4	329.87987987988	1.86965297160045E-4
		330.48048048048	2.43136790951661E-4	330.48048048048	1.87238928661879E-4
		331.081081081081	2.43850112542808E-4	331.081081081081	1.87512098407204E-4
		331.681681681682	2.44563434133955E-4	331.681681681682	1.8778480639602E-4
		332.282282282282	2.45276755725103E-4	332.282282282282	1.88057052628325E-4
		332.882882882883	2.4599007731625E-4	332.882882882883	1.88328837104121E-4
		333.483483483484	2.46703398907397E-4	333.483483483484	1.88600159823408E-4
		334.084084084084	2.47416720498544E-4	334.084084084084	1.88871020786185E-4
		334.684684684685	2.48130042089691E-4	334.684684684685	1.89141419992452E-4
		335.285285285285	2.48843363680838E-4	335.285285285285	1.8941135744221E-4
		335.885885885886	2.49556685271986E-4	335.885885885886	1.89680833135458E-4
		336.486486486487	2.50270006863133E-4	336.486486486487	1.89949847072197E-4
		337.087087087087	2.5098332845428E-4	337.087087087087	1.90218399252426E-4
		337.687687687688	2.51696650045427E-4	337.687687687688	1.90486489676145E-4
		338.288288288288	2.52409971636574E-4	338.288288288288	1.90754118343355E-4
		338.888888888889	2.53123293227721E-4	338.888888888889	1.91021285254055E-4
		339.489489489489	2.53836614818869E-4	339.489489489489	1.91287990408245E-4
		340.09009009009	2.54549936410016E-4	340.09009009009	1.91554233805926E-4
		340.690690690691	2.55263258001163E-4	340.690690690691	1.91820015447098E-4
		341.291291291291	2.5597657959231E-4	341.291291291291	1.92085335331759E-4
		341.891891891892	2.56689901183457E-4	341.891891891892	1.92350193459911E-4
		342.492492492492	2.57403222774605E-4	342.492492492492	1.92614589831554E-4
		343.093093093093	2.58116544365752E-4	343.093093093093	1.92878524446687E-4
		343.693693693694	2.58829865956899E-4	343.693693693694	1.9314199730531E-4
		344.294294294294	2.59543187548046E-4	344.294294294294	1.93405008407424E-4
		344.894894894895	2.60256509139193E-4	344.894894894895	1.93667557753028E-4
		345.495495495496	2.6096983073034E-4	345.495495495496	1.93929645342123E-4
		346.096096096096	2.61683152321488E-4	346.096096096096	1.94191271174707E-4
		346.696696696697	2.62396473912635E-4	346.696696696697	1.94452435250783E-4
		347.297297297297	2.63109795503782E-4	347.297297297297	1.94713137570348E-4
		347.897897897898	2.63823117094929E-4	347.897897897898	1.94973378133405E-4
		348.498498498499	2.64536438686076E-4	348.498498498499	1.95233156939951E-4
		349.099099099099	2.65249760277223E-4	349.099099099099	1.95492473989988E-4
		349.6996996997	2.65963081868371E-4	349.6996996997	1.95751329283515E-4
		350.3003003003	2.66676403459518E-4	350.3003003003	1.96009722820533E-4
		350.900900900901	2.67389725050665E-4	350.900900900901	1.96267654601041E-4
		351.501501501501	2.68103046641812E-4	351.501501501501	1.9652512462504E-4
		352.102102102102	2.68816368232959E-4	352.102102102102	1.96782132892528E-4
		352.702702702703	2.69529689824106E-4	352.702702702703	1.97038679403508E-4
		353.303303303303	2.70243011415254E-4	353.303303303303	1.97294764157977E-4
		353.903903903904	2.70956333006401E-4	353.903903903904	1.97550387155938E-4
		354.504504504505	2.71669654597548E-4	354.504504504505	1.97805548397388E-4
		355.105105105105	2.72382976188695E-4	355.105105105105	1.98060247882329E-4
		355.705705705706	2.73096297779842E-4	355.705705705706	1.9831448561076E-4
		356.306306306306	2.7380961937099E-4	356.306306306306	1.98568261582682E-4
		356.906906906907	2.74522940962137E-4	356.906906906907	1.98821575798094E-4
		357.507507507508	2.75236262553284E-4	357.507507507508	1.99074428256996E-4
		358.108108108108	2.75949584144431E-4	358.108108108108	1.99326818959389E-4
		358.708708708709	2.76662905735578E-4	358.708708708709	1.99578747905273E-4
		359.309309309309	2.77376227326725E-4	359.309309309309	1.99830215094646E-4
		359.90990990991	2.78089548917873E-4	359.90990990991	2.0008122052751E-4
		360.510510510511	2.7880287050902E-4	360.510510510511	2.00331764203865E-4
		361.111111111111	2.79516192100167E-4	361.111111111111	2.0058184612371E-4
		361.711711711712	2.80229513691314E-4	361.711711711712	2.00831466287045E-4
		362.312312312312	2.80942835282461E-4	362.312312312312	2.01080624693871E-4
		362.912912912913	2.81656156873608E-4	362.912912912913	2.01329321344187E-4
		363.513513513514	2.82369478464756E-4	363.513513513514	2.01577556237993E-4
		364.114114114114	2.83082800055903E-4	364.114114114114	2.0182532937529E-4
		364.714714714715	2.8379612164705E-4	364.714714714715	2.02072640756077E-4
		365.315315315315	2.84509443238197E-4	365.315315315315	2.02319490380355E-4
		365.915915915916	2.85222764829344E-4	365.915915915916	2.02565878248123E-4
		366.516516516517	2.85936086420492E-4	366.516516516517	2.02811804359381E-4
		367.117117117117	2.86649408011639E-4	367.117117117117	2.0305726871413E-4
		367.717717717718	2.87362729602786E-4	367.717717717718	2.03302271312369E-4
		368.318318318318	2.88076051193933E-4	368.318318318318	2.03546812154099E-4
		368.918918918919	2.8878937278508E-4	368.918918918919	2.03790891239319E-4
		369.51951951952	2.89502694376227E-4	369.51951951952	2.0403450856803E-4
		370.12012012012	2.90216015967375E-4	370.12012012012	2.0427766414023E-4
		370.720720720721	2.90929337558522E-4	370.720720720721	2.04520357955922E-4
		371.321321321321	2.91642659149669E-4	371.321321321321	2.04762590015103E-4
		371.921921921922	2.92355980740816E-4	371.921921921922	2.05004360317775E-4
		372.522522522523	2.93069302331963E-4	372.522522522523	2.05245668863938E-4
		373.123123123123	2.93782623923111E-4	373.123123123123	2.05486515653591E-4
		373.723723723724	2.94495945514258E-4	373.723723723724	2.05726900686734E-4
		374.324324324324	2.95209267105405E-4	374.324324324324	2.05966823963368E-4
		374.924924924925	2.95922588696552E-4	374.924924924925	2.06206285483491E-4
		375.525525525526	2.96635910287699E-4	375.525525525526	2.06445285247106E-4
		376.126126126126	2.97349231878846E-4	376.126126126126	2.06683823254211E-4
		376.726726726727	2.98062553469994E-4	376.726726726727	2.06921899504806E-4
		377.327327327327	2.98775875061141E-4	377.327327327327	2.07159513998892E-4
		377.927927927928	2.99489196652288E-4	377.927927927928	2.07396666736468E-4
		378.528528528529	3.00202518243435E-4	378.528528528529	2.07633357717534E-4
		379.129129129129	3.00915839834582E-4	379.129129129129	2.07869586942091E-4
		379.72972972973	3.01629161425729E-4	379.72972972973	2.08105354410138E-4
		380.33033033033	3.02342483016877E-4	380.33033033033	2.08340660121676E-4
		380.930930930931	3.03055804608024E-4	380.930930930931	2.08575504076704E-4
		381.531531531532	3.03769126199171E-4	381.531531531532	2.08809886275222E-4
		382.132132132132	3.04482447790318E-4	382.132132132132	2.09043806717231E-4
		382.732732732733	3.05195769381465E-4	382.732732732733	2.0927726540273E-4
		383.333333333333	3.05909090972612E-4	383.333333333333	2.0951026233172E-4
		383.933933933934	3.0662241256376E-4	383.933933933934	2.097427975042E-4
		384.534534534535	3.07335734154907E-4	384.534534534535	2.0997487092017E-4
		385.135135135135	3.08049055746054E-4	385.135135135135	2.10206482579631E-4
		385.735735735736	3.08762377337201E-4	385.735735735736	2.10437632482582E-4
		386.336336336336	3.09475698928348E-4	386.336336336336	2.10668320629024E-4
		386.936936936937	3.10189020519496E-4	386.936936936937	2.10898547018956E-4
		387.537537537538	3.10902342110643E-4	387.537537537538	2.11128311652378E-4
		388.138138138138	3.1161566370179E-4	388.138138138138	2.11357614529291E-4
		388.738738738739	3.12328985292937E-4	388.738738738739	2.11586455649694E-4
		389.339339339339	3.13042306884084E-4	389.339339339339	2.11814835013588E-4
		389.93993993994	3.13755628475231E-4	389.93993993994	2.12042752620972E-4
		390.540540540541	3.14468950066379E-4	390.540540540541	2.12270208471846E-4
		391.141141141141	3.15182271657526E-4	391.141141141141	2.12497202566211E-4
		391.741741741742	3.15895593248673E-4	391.741741741742	2.12723734904066E-4
		392.342342342342	3.1660891483982E-4	392.342342342342	2.12949805485412E-4
		392.942942942943	3.17322236430967E-4	392.942942942943	2.13175414310248E-4
		393.543543543544	3.18035558022114E-4	393.543543543544	2.13400561378574E-4
		394.144144144144	3.18748879613262E-4	394.144144144144	2.13625246690391E-4
		394.744744744745	3.19462201204409E-4	394.744744744745	2.13849470245698E-4
		395.345345345345	3.20175522795556E-4	395.345345345345	2.14073232044495E-4
		395.945945945946	3.20888844386703E-4	395.945945945946	2.14296532086783E-4
		396.546546546547	3.2160216597785E-4	396.546546546547	2.14519370372562E-4
		397.147147147147	3.22315487568998E-4	397.147147147147	2.1474174690183E-4
		397.747747747748	3.23028809160145E-4	397.747747747748	2.1496366167459E-4
		398.348348348348	3.23742130751292E-4	398.348348348348	2.15185114690839E-4
		398.948948948949	3.24455452342439E-4	398.948948948949	2.15406105950579E-4
		399.54954954955	3.25168773933586E-4	399.54954954955	2.1562663545381E-4
		400.15015015015	3.25882095524733E-4	400.15015015015	2.1584670320053E-4
		400.750750750751	3.26595417115881E-4	400.750750750751	2.16066309190741E-4
		401.351351351351	3.27308738707028E-4	401.351351351351	2.16285453424443E-4
		401.951951951952	3.28022060298175E-4	401.951951951952	2.16504135901635E-4
		402.552552552553	3.28735381889322E-4	402.552552552553	2.16722356622317E-4
		403.153153153153	3.29448703480469E-4	403.153153153153	2.1694011558649E-4
		403.753753753754	3.30162025071616E-4	403.753753753754	2.17157412794153E-4
		404.354354354354	3.30875346662764E-4	404.354354354354	2.17374248245307E-4
		404.954954954955	3.31588668253911E-4	404.954954954955	2.17590621939951E-4
		405.555555555556	3.32301989845058E-4	405.555555555556	2.17806533878085E-4
		406.156156156156	3.33015311436205E-4	406.156156156156	2.1802198405971E-4
		406.756756756757	3.33728633027352E-4	406.756756756757	2.18236972484825E-4
		407.357357357357	3.344419546185E-4	407.357357357357	2.1845149915343E-4
		407.957957957958	3.35155276209647E-4	407.957957957958	2.18665564065526E-4
		408.558558558559	3.35868597800794E-4	408.558558558559	2.18879167221113E-4
		409.159159159159	3.36581919391941E-4	409.159159159159	2.19092308620189E-4
		409.75975975976	3.37295240983088E-4	409.75975975976	2.19304988262756E-4
		410.36036036036	3.38008562574235E-4	410.36036036036	2.19517206148814E-4
		410.960960960961	3.38721884165383E-4	410.960960960961	2.19728962278362E-4
		411.561561561562	3.3943520575653E-4	411.561561561562	2.199402566514E-4
		412.162162162162	3.40148527347677E-4	412.162162162162	2.20151089267929E-4
		412.762762762763	3.40861848938824E-4	412.762762762763	2.20361460127948E-4
		413.363363363363	3.41575170529971E-4	413.363363363363	2.20571369231458E-4
		413.963963963964	3.42288492121118E-4	413.963963963964	2.20780816578458E-4
		414.564564564565	3.43001813712266E-4	414.564564564565	2.20989802168948E-4
		415.165165165165	3.43715135303413E-4	415.165165165165	2.21198326002929E-4
		415.765765765766	3.4442845689456E-4	415.765765765766	2.214063880804E-4
		416.366366366366	3.45141778485707E-4	416.366366366366	2.21613988401361E-4
		416.966966966967	3.45855100076854E-4	416.966966966967	2.21821126965813E-4
		417.567567567568	3.46568421668001E-4	417.567567567568	2.22027803773755E-4
		418.168168168168	3.47281743259149E-4	418.168168168168	2.22234018825188E-4
		418.768768768769	3.47995064850296E-4	418.768768768769	2.22439772120111E-4
		419.369369369369	3.48708386441443E-4	419.369369369369	2.22645063658525E-4
		419.96996996997	3.4942170803259E-4	419.96996996997	2.22849893440429E-4
		420.570570570571	3.50135029623737E-4	420.570570570571	2.23054261465823E-4
		421.171171171171	3.50848351214885E-4	421.171171171171	2.23258167734708E-4
		421.771771771772	3.51561672806032E-4	421.771771771772	2.23461612247083E-4
		422.372372372372	3.52274994397179E-4	422.372372372372	2.23664595002948E-4
		422.972972972973	3.52988315988326E-4	422.972972972973	2.23867116002304E-4
		423.573573573574	3.53701637579473E-4	423.573573573574	2.2406917524515E-4
		424.174174174174	3.5441495917062E-4	424.174174174174	2.24270772731487E-4
		424.774774774775	3.55128280761768E-4	424.774774774775	2.24471908461314E-4
		425.375375375375	3.55841602352915E-4	425.375375375375	2.24672582434632E-4
		425.975975975976	3.56554923944062E-4	425.975975975976	2.24872794651439E-4
		426.576576576577	3.57268245535209E-4	426.576576576577	2.25072545111738E-4
		427.177177177177	3.57981567126356E-4	427.177177177177	2.25271833815526E-4
		427.777777777778	3.58694888717503E-4	427.777777777778	2.25470660762805E-4
		428.378378378378	3.59408210308651E-4	428.378378378378	2.25669025953575E-4
		428.978978978979	3.60121531899798E-4	428.978978978979	2.25866929387835E-4
		429.57957957958	3.60834853490945E-4	429.57957957958	2.26064371065585E-4
		430.18018018018	3.61548175082092E-4	430.18018018018	2.26261350986826E-4
		430.780780780781	3.62261496673239E-4	430.780780780781	2.26457869151557E-4
		431.381381381381	3.62974818264387E-4	431.381381381381	2.26653925559778E-4
		431.981981981982	3.63688139855534E-4	431.981981981982	2.2684952021149E-4
		432.582582582583	3.64401461446681E-4	432.582582582583	2.27044653106692E-4
		433.183183183183	3.65114783037828E-4	433.183183183183	2.27239324245385E-4
		433.783783783784	3.65828104628975E-4	433.783783783784	2.27433533627568E-4
		434.384384384384	3.66541426220122E-4	434.384384384384	2.27627281253242E-4
		434.984984984985	3.6725474781127E-4	434.984984984985	2.27820567122405E-4
		435.585585585586	3.67968069402417E-4	435.585585585586	2.2801339123506E-4
		436.186186186186	3.68681390993564E-4	436.186186186186	2.28205753591204E-4
		436.786786786787	3.69394712584711E-4	436.786786786787	2.28397654190839E-4
		437.387387387387	3.70108034175858E-4	437.387387387387	2.28589093033965E-4
		437.987987987988	3.70821355767006E-4	437.987987987988	2.28780070120581E-4
		438.588588588589	3.71534677358153E-4	438.588588588589	2.28970585450687E-4
		439.189189189189	3.722479989493E-4	439.189189189189	2.29160639024284E-4
		439.78978978979	3.72961320540447E-4	439.78978978979	2.29350230841371E-4
		440.39039039039	3.73674642131594E-4	440.39039039039	2.29539360901948E-4
		440.990990990991	3.74387963722741E-4	440.990990990991	2.29728029206016E-4
		441.591591591592	3.75101285313889E-4	441.591591591592	2.29916235753574E-4
		442.192192192192	3.75814606905036E-4	442.192192192192	2.30103980544623E-4
		442.792792792793	3.76527928496183E-4	442.792792792793	2.30291263579162E-4
		443.393393393393	3.7724125008733E-4	443.393393393393	2.30478084857191E-4
		443.993993993994	3.77954571678477E-4	443.993993993994	2.30664444378711E-4
		444.594594594595	3.78667893269624E-4	444.594594594595	2.30850342143721E-4
		445.195195195195	3.79381214860772E-4	445.195195195195	2.31035778152222E-4
		445.795795795796	3.80094536451919E-4	445.795795795796	2.31220752404213E-4
		446.396396396396	3.80807858043066E-4	446.396396396396	2.31405264899694E-4
		446.996996996997	3.81521179634213E-4	446.996996996997	2.31589315638666E-4
		447.597597597598	3.8223450122536E-4	447.597597597598	2.31772904621128E-4
		448.198198198198	3.82947822816507E-4	448.198198198198	2.31956031847081E-4
		448.798798798799	3.83661144407655E-4	448.798798798799	2.32138697316524E-4
		449.399399399399	3.84374465998802E-4	449.399399399399	2.32320901029457E-4
		450	3.85087787589949E-4	450	2.32502642985881E-4
		450.600600600601	3.85801109181096E-4	450.600600600601	2.32683923185795E-4
		451.201201201201	3.86514430772243E-4	451.201201201201	2.328647416292E-4
		451.801801801802	3.87227752363391E-4	451.801801801802	2.33045098316095E-4
		452.402402402402	3.87941073954538E-4	452.402402402402	2.3322499324648E-4
		453.003003003003	3.88654395545685E-4	453.003003003003	2.33404426420356E-4
		453.603603603604	3.89367717136832E-4	453.603603603604	2.33583397837722E-4
		454.204204204204	3.90081038727979E-4	454.204204204204	2.33761907498579E-4
		454.804804804805	3.90794360319126E-4	454.804804804805	2.33939955402926E-4
		455.405405405405	3.91507681910274E-4	455.405405405405	2.34117541550763E-4
		456.006006006006	3.92221003501421E-4	456.006006006006	2.34294665942091E-4
		456.606606606607	3.92934325092568E-4	456.606606606607	2.34471328576909E-4
		457.207207207207	3.93647646683715E-4	457.207207207207	2.34647529455218E-4
		457.807807807808	3.94360968274862E-4	457.807807807808	2.34823268577017E-4
		458.408408408408	3.95074289866009E-4	458.408408408408	2.34998545942306E-4
		459.009009009009	3.95787611457157E-4	459.009009009009	2.35173361551086E-4
		459.60960960961	3.96500933048304E-4	459.60960960961	2.35347715403356E-4
		460.21021021021	3.97214254639451E-4	460.21021021021	2.35521607499117E-4
		460.810810810811	3.97927576230598E-4	460.810810810811	2.35695037838368E-4
		461.411411411411	3.98640897821745E-4	461.411411411411	2.35868006421109E-4
		462.012012012012	3.99354219412892E-4	462.012012012012	2.36040513247341E-4
		462.612612612613	4.0006754100404E-4	462.612612612613	2.36212558317063E-4
		463.213213213213	4.00780862595187E-4	463.213213213213	2.36384141630276E-4
		463.813813813814	4.01494184186334E-4	463.813813813814	2.36555263186979E-4
		464.414414414414	4.02207505777481E-4	464.414414414414	2.36725922987172E-4
		465.015015015015	4.02920827368628E-4	465.015015015015	2.36896121030856E-4
		465.615615615616	4.03634148959776E-4	465.615615615616	2.3706585731803E-4
		466.216216216216	4.04347470550923E-4	466.216216216216	2.37235131848695E-4
		466.816816816817	4.0506079214207E-4	466.816816816817	2.3740394462285E-4
		467.417417417417	4.05774113733217E-4	467.417417417417	2.37572295640495E-4
		468.018018018018	4.06487435324364E-4	468.018018018018	2.37740184901631E-4
		468.618618618619	4.07200756915511E-4	468.618618618619	2.37907612406257E-4
		469.219219219219	4.07914078506659E-4	469.219219219219	2.38074578154373E-4
		469.81981981982	4.08627400097806E-4	469.81981981982	2.3824108214598E-4
		470.42042042042	4.09340721688953E-4	470.42042042042	2.38407124381078E-4
		471.021021021021	4.100540432801E-4	471.021021021021	2.38572704859665E-4
		471.621621621622	4.10767364871247E-4	471.621621621622	2.38737823581744E-4
		472.222222222222	4.11480686462395E-4	472.222222222222	2.38902480547312E-4
		472.822822822823	4.12194008053542E-4	472.822822822823	2.39066675756371E-4
		473.423423423423	4.12907329644689E-4	473.423423423423	2.3923040920892E-4
		474.024024024024	4.13620651235836E-4	474.024024024024	2.3939368090496E-4
		474.624624624625	4.14333972826983E-4	474.624624624625	2.3955649084449E-4
		475.225225225225	4.1504729441813E-4	475.225225225225	2.39718839027511E-4
		475.825825825826	4.15760616009278E-4	475.825825825826	2.39880725454022E-4
		476.426426426426	4.16473937600425E-4	476.426426426426	2.40042150124023E-4
		477.027027027027	4.17187259191572E-4	477.027027027027	2.40203113037515E-4
		477.627627627628	4.17900580782719E-4	477.627627627628	2.40363614194497E-4
		478.228228228228	4.18613902373866E-4	478.228228228228	2.40523653594969E-4
		478.828828828829	4.19327223965013E-4	478.828828828829	2.40683231238932E-4
		479.429429429429	4.20040545556161E-4	479.429429429429	2.40842347126386E-4
		480.03003003003	4.20753867147308E-4	480.03003003003	2.41001001257329E-4
		480.630630630631	4.21467188738455E-4	480.630630630631	2.41159193631764E-4
		481.231231231231	4.22180510329602E-4	481.231231231231	2.41316924249688E-4
		481.831831831832	4.22893831920749E-4	481.831831831832	2.41474193111103E-4
		482.432432432432	4.23607153511896E-4	482.432432432432	2.41631000216008E-4
		483.033033033033	4.24320475103044E-4	483.033033033033	2.41787345564404E-4
		483.633633633634	4.25033796694191E-4	483.633633633634	2.4194322915629E-4
		484.234234234234	4.25747118285338E-4	484.234234234234	2.42098650991667E-4
		484.834834834835	4.26460439876485E-4	484.834834834835	2.42253611070534E-4
		485.435435435435	4.27173761467632E-4	485.435435435435	2.42408109392891E-4
		486.036036036036	4.2788708305878E-4	486.036036036036	2.42562145958739E-4
		486.636636636637	4.28600404649927E-4	486.636636636637	2.42715720768077E-4
		487.237237237237	4.29313726241074E-4	487.237237237237	2.42868833820905E-4
		487.837837837838	4.30027047832221E-4	487.837837837838	2.43021485117224E-4
		488.438438438438	4.30740369423368E-4	488.438438438438	2.43173674657033E-4
		489.039039039039	4.31453691014515E-4	489.039039039039	2.43325402440333E-4
		489.63963963964	4.32167012605663E-4	489.63963963964	2.43476668467123E-4
		490.24024024024	4.3288033419681E-4	490.24024024024	2.43627472737404E-4
		490.840840840841	4.33593655787957E-4	490.840840840841	2.43777815251175E-4
		491.441441441441	4.34306977379104E-4	491.441441441441	2.43927696008436E-4
		492.042042042042	4.35020298970251E-4	492.042042042042	2.44077115009187E-4
		492.642642642643	4.35733620561398E-4	492.642642642643	2.4422607225343E-4
		493.243243243243	4.36446942152546E-4	493.243243243243	2.44374567741162E-4
		493.843843843844	4.37160263743693E-4	493.843843843844	2.44522601472385E-4
		494.444444444444	4.3787358533484E-4	494.444444444444	2.44670173447098E-4
		495.045045045045	4.38586906925987E-4	495.045045045045	2.44817283665302E-4
		495.645645645646	4.39300228517134E-4	495.645645645646	2.44963932126996E-4
		496.246246246246	4.40013550108281E-4	496.246246246246	2.4511011883218E-4
		496.846846846847	4.40726871699429E-4	496.846846846847	2.45255843780855E-4
		497.447447447447	4.41440193290576E-4	497.447447447447	2.45401106973021E-4
		498.048048048048	4.42153514881723E-4	498.048048048048	2.45545908408676E-4
		498.648648648649	4.4286683647287E-4	498.648648648649	2.45690248087822E-4
		499.249249249249	4.43580158064017E-4	499.249249249249	2.45834126010459E-4
		499.84984984985	4.44293479655165E-4	499.84984984985	2.45977542176586E-4
		500.45045045045	4.45006801246312E-4	500.45045045045	2.46120496586203E-4
		501.051051051051	4.45720122837459E-4	501.051051051051	2.46262989239311E-4
		501.651651651652	4.46433444428606E-4	501.651651651652	2.46405020135909E-4
		502.252252252252	4.47146766019753E-4	502.252252252252	2.46546589275997E-4
		502.852852852853	4.478600876109E-4	502.852852852853	2.46687696659576E-4
		503.453453453453	4.48573409202048E-4	503.453453453453	2.46828342286645E-4
		504.054054054054	4.49286730793195E-4	504.054054054054	2.46968526157205E-4
		504.654654654655	4.50000052384342E-4	504.654654654655	2.47108248271255E-4
		505.255255255255	4.50713373975489E-4	505.255255255255	2.47247508628795E-4
		505.855855855856	4.51426695566636E-4	505.855855855856	2.47386307229826E-4
		506.456456456456	4.52140017157784E-4	506.456456456456	2.47524644074347E-4
		507.057057057057	4.52853338748931E-4	507.057057057057	2.47662519162359E-4
		507.657657657658	4.53566660340078E-4	507.657657657658	2.47799932493861E-4
		508.258258258258	4.54279981931225E-4	508.258258258258	2.47936884068854E-4
		508.858858858859	4.54993303522372E-4	508.858858858859	2.48073373887336E-4
		509.459459459459	4.55706625113519E-4	509.459459459459	2.4820940194931E-4
		510.06006006006	4.56419946704666E-4	510.06006006006	2.48344968254773E-4
		510.660660660661	4.57133268295814E-4	510.660660660661	2.48480072803727E-4
		511.261261261261	4.57846589886961E-4	511.261261261261	2.48614715596172E-4
		511.861861861862	4.58559911478108E-4	511.861861861862	2.48748896632107E-4
		512.462462462463	4.59273233069255E-4	512.462462462463	2.48882615911532E-4
		513.063063063063	4.59986554660402E-4	513.063063063063	2.49015873434447E-4
		513.663663663664	4.6069987625155E-4	513.663663663664	2.49148669200854E-4
		514.264264264264	4.61413197842697E-4	514.264264264264	2.4928100321075E-4
		514.864864864865	4.62126519433844E-4	514.864864864865	2.49412875464137E-4
		515.465465465466	4.62839841024991E-4	515.465465465466	2.49544285961014E-4
		516.066066066066	4.63553162616138E-4	516.066066066066	2.49675234701382E-4
		516.666666666667	4.64266484207286E-4	516.666666666667	2.4980572168524E-4
		517.267267267267	4.64979805798433E-4	517.267267267267	2.49935746912588E-4
		517.867867867868	4.6569312738958E-4	517.867867867868	2.50065310383427E-4
		518.468468468468	4.66406448980727E-4	518.468468468468	2.50194412097756E-4
		519.069069069069	4.67119770571874E-4	519.069069069069	2.50323052055576E-4
		519.66966966967	4.67833092163021E-4	519.66966966967	2.50451230256886E-4
		520.27027027027	4.68546413754168E-4	520.27027027027	2.50578946701686E-4
		520.870870870871	4.69259735345316E-4	520.870870870871	2.50706201389977E-4
		521.471471471471	4.69973056936463E-4	521.471471471471	2.50832994321758E-4
		522.072072072072	4.7068637852761E-4	522.072072072072	2.5095932549703E-4
		522.672672672673	4.71399700118757E-4	522.672672672673	2.51085194915792E-4
		523.273273273273	4.72113021709904E-4	523.273273273273	2.51210602578044E-4
		523.873873873874	4.72826343301052E-4	523.873873873874	2.51335548483787E-4
		524.474474474475	4.73539664892199E-4	524.474474474475	2.5146003263302E-4
		525.075075075075	4.74252986483346E-4	525.075075075075	2.51584055025744E-4
		525.675675675676	4.74966308074493E-4	525.675675675676	2.51707615661958E-4
		526.276276276276	4.7567962966564E-4	526.276276276276	2.51830714541662E-4
		526.876876876877	4.76392951256787E-4	526.876876876877	2.51953351664857E-4
		527.477477477477	4.77106272847935E-4	527.477477477477	2.52075527031542E-4
		528.078078078078	4.77819594439082E-4	528.078078078078	2.52197240641718E-4
		528.678678678679	4.78532916030229E-4	528.678678678679	2.52318492495384E-4
		529.279279279279	4.79246237621376E-4	529.279279279279	2.5243928259254E-4
		529.87987987988	4.79959559212523E-4	529.87987987988	2.52559610933187E-4
		530.480480480481	4.80672880803671E-4	530.480480480481	2.52679477517324E-4
		531.081081081081	4.81386202394818E-4	531.081081081081	2.52798882344951E-4
		531.681681681682	4.82099523985965E-4	531.681681681682	2.52917825416069E-4
		532.282282282282	4.82812845577112E-4	532.282282282282	2.53036306730678E-4
		532.882882882883	4.83526167168259E-4	532.882882882883	2.53154326288777E-4
		533.483483483484	4.84239488759406E-4	533.483483483484	2.53271884090366E-4
		534.084084084084	4.84952810350554E-4	534.084084084084	2.53388980135445E-4
		534.684684684685	4.85666131941701E-4	534.684684684685	2.53505614424015E-4
		535.285285285285	4.86379453532848E-4	535.285285285285	2.53621786956076E-4
		535.885885885886	4.87092775123995E-4	535.885885885886	2.53737497731626E-4
		536.486486486486	4.87806096715142E-4	536.486486486486	2.53852746750668E-4
		537.087087087087	4.88519418306289E-4	537.087087087087	2.53967534013199E-4
		537.687687687688	4.89232739897437E-4	537.687687687688	2.54081859519221E-4
		538.288288288288	4.89946061488584E-4	538.288288288288	2.54195723268733E-4
		538.888888888889	4.90659383079731E-4	538.888888888889	2.54309125261736E-4
		539.489489489489	4.91372704670878E-4	539.489489489489	2.54422065498229E-4
		540.09009009009	4.92086026262025E-4	540.09009009009	2.54534543978213E-4
		540.690690690691	4.92799347853173E-4	540.690690690691	2.54646560701687E-4
		541.291291291291	4.9351266944432E-4	541.291291291291	2.54758115668651E-4
		541.891891891892	4.94225991035467E-4	541.891891891892	2.54869208879106E-4
		542.492492492492	4.94939312626614E-4	542.492492492492	2.54979840333051E-4
		543.093093093093	4.95652634217761E-4	543.093093093093	2.55090010030487E-4
		543.693693693694	4.96365955808908E-4	543.693693693694	2.55199717971412E-4
		544.294294294294	4.97079277400056E-4	544.294294294294	2.55308964155829E-4
		544.894894894895	4.97792598991203E-4	544.894894894895	2.55417748583736E-4
		545.495495495496	4.9850592058235E-4	545.495495495496	2.55526071255133E-4
		546.096096096096	4.99219242173497E-4	546.096096096096	2.5563393217002E-4
		546.696696696697	4.99932563764644E-4	546.696696696697	2.55741331328398E-4
		547.297297297297	5.00645885355791E-4	547.297297297297	2.55848268730266E-4
		547.897897897898	5.01359206946939E-4	547.897897897898	2.55954744375625E-4
		548.498498498499	5.02072528538086E-4	548.498498498499	2.56060758264474E-4
		549.099099099099	5.02785850129233E-4	549.099099099099	2.56166310396814E-4
		549.6996996997	5.0349917172038E-4	549.6996996997	2.56271400772644E-4
		550.3003003003	5.04212493311527E-4	550.3003003003	2.56376029391964E-4
		550.900900900901	5.04925814902675E-4	550.900900900901	2.56480196254775E-4
		551.501501501501	5.05639136493822E-4	551.501501501501	2.56583901361076E-4
		552.102102102102	5.06352458084969E-4	552.102102102102	2.56687144710867E-4
		552.702702702703	5.07065779676116E-4	552.702702702703	2.56789926304149E-4
		553.303303303303	5.07779101267263E-4	553.303303303303	2.56892246140922E-4
		553.903903903904	5.0849242285841E-4	553.903903903904	2.56994104221184E-4
		554.504504504504	5.09205744449558E-4	554.504504504504	2.57095500544937E-4
		555.105105105105	5.09919066040705E-4	555.105105105105	2.57196435112181E-4
		555.705705705706	5.10632387631852E-4	555.705705705706	2.57296907922915E-4
		556.306306306306	5.11345709222999E-4	556.306306306306	2.57396918977139E-4
		556.906906906907	5.12059030814146E-4	556.906906906907	2.57496468274854E-4
		557.507507507508	5.12772352405293E-4	557.507507507508	2.57595555816059E-4
		558.108108108108	5.13485673996441E-4	558.108108108108	2.57694181600754E-4
		558.708708708709	5.14198995587588E-4	558.708708708709	2.5779234562894E-4
		559.309309309309	5.14912317178735E-4	559.309309309309	2.57890047900617E-4
		559.90990990991	5.15625638769882E-4	559.90990990991	2.57987288415783E-4
		560.510510510511	5.16338960361029E-4	560.510510510511	2.5808406717444E-4
		561.111111111111	5.17052281952177E-4	561.111111111111	2.58180384176588E-4
		561.711711711712	5.17765603543324E-4	561.711711711712	2.58276239422226E-4
		562.312312312312	5.18478925134471E-4	562.312312312312	2.58371632911354E-4
		562.912912912913	5.19192246725618E-4	562.912912912913	2.58466564643973E-4
		563.513513513514	5.19905568316765E-4	563.513513513514	2.58561034620082E-4
		564.114114114114	5.20618889907912E-4	564.114114114114	2.58655042839681E-4
		564.714714714715	5.2133221149906E-4	564.714714714715	2.58748589302771E-4
		565.315315315315	5.22045533090207E-4	565.315315315315	2.58841674009351E-4
		565.915915915916	5.22758854681354E-4	565.915915915916	2.58934296959422E-4
		566.516516516517	5.23472176272501E-4	566.516516516517	2.59026458152983E-4
		567.117117117117	5.24185497863648E-4	567.117117117117	2.59118157590035E-4
		567.717717717718	5.24898819454795E-4	567.717717717718	2.59209395270577E-4
		568.318318318318	5.25612141045943E-4	568.318318318318	2.59300171194609E-4
		568.918918918919	5.2632546263709E-4	568.918918918919	2.59390485362131E-4
		569.51951951952	5.27038784228237E-4	569.51951951952	2.59480337773145E-4
		570.12012012012	5.27752105819384E-4	570.12012012012	2.59569728427648E-4
		570.720720720721	5.28465427410531E-4	570.720720720721	2.59658657325642E-4
		571.321321321321	5.29178749001678E-4	571.321321321321	2.59747124467126E-4
		571.921921921922	5.29892070592826E-4	571.921921921922	2.59835129852101E-4
		572.522522522523	5.30605392183973E-4	572.522522522523	2.59922673480566E-4
		573.123123123123	5.3131871377512E-4	573.123123123123	2.60009755352521E-4
		573.723723723724	5.32032035366267E-4	573.723723723724	2.60096375467967E-4
		574.324324324324	5.32745356957414E-4	574.324324324324	2.60182533826903E-4
		574.924924924925	5.33458678548562E-4	574.924924924925	2.6026823042933E-4
		575.525525525526	5.34172000139709E-4	575.525525525526	2.60353465275247E-4
		576.126126126126	5.34885321730856E-4	576.126126126126	2.60438238364654E-4
		576.726726726727	5.35598643322003E-4	576.726726726727	2.60522549697552E-4
		577.327327327327	5.3631196491315E-4	577.327327327327	2.60606399273941E-4
		577.927927927928	5.37025286504298E-4	577.927927927928	2.60689787093819E-4
		578.528528528529	5.37738608095445E-4	578.528528528529	2.60772713157188E-4
		579.129129129129	5.38451929686592E-4	579.129129129129	2.60855177464048E-4
		579.72972972973	5.39165251277739E-4	579.72972972973	2.60937180014398E-4
		580.33033033033	5.39878572868886E-4	580.33033033033	2.61018720808238E-4
		580.930930930931	5.40591894460033E-4	580.930930930931	2.61099799845568E-4
		581.531531531532	5.4130521605118E-4	581.531531531532	2.61180417126389E-4
		582.132132132132	5.42018537642328E-4	582.132132132132	2.61260572650701E-4
		582.732732732733	5.42731859233475E-4	582.732732732733	2.61340266418503E-4
		583.333333333333	5.43445180824622E-4	583.333333333333	2.61419498429795E-4
		583.933933933934	5.44158502415769E-4	583.933933933934	2.61498268684578E-4
		584.534534534534	5.44871824006916E-4	584.534534534534	2.6157657718285E-4
		585.135135135135	5.45585145598063E-4	585.135135135135	2.61654423924614E-4
		585.735735735736	5.46298467189211E-4	585.735735735736	2.61731808909868E-4
		586.336336336336	5.47011788780358E-4	586.336336336336	2.61808732138612E-4
		586.936936936937	5.47725110371505E-4	586.936936936937	2.61885193610847E-4
		587.537537537538	5.48438431962652E-4	587.537537537538	2.61961193326572E-4
		588.138138138138	5.49151753553799E-4	588.138138138138	2.62036731285787E-4
		588.738738738739	5.49865075144947E-4	588.738738738739	2.62111807488493E-4
		589.339339339339	5.50578396736094E-4	589.339339339339	2.62186421934689E-4
		589.93993993994	5.51291718327241E-4	589.93993993994	2.62260574624376E-4
		590.540540540541	5.52005039918388E-4	590.540540540541	2.62334265557553E-4
		591.141141141141	5.52718361509535E-4	591.141141141141	2.6240749473422E-4
		591.741741741742	5.53431683100683E-4	591.741741741742	2.62480262154378E-4
		592.342342342342	5.5414500469183E-4	592.342342342342	2.62552567818026E-4
		592.942942942943	5.54858326282977E-4	592.942942942943	2.62624411725165E-4
		593.543543543544	5.55571647874124E-4	593.543543543544	2.62695793875794E-4
		594.144144144144	5.56284969465271E-4	594.144144144144	2.62766714269913E-4
		594.744744744745	5.56998291056418E-4	594.744744744745	2.62837172907523E-4
		595.345345345345	5.57711612647566E-4	595.345345345345	2.62907169788623E-4
		595.945945945946	5.58424934238713E-4	595.945945945946	2.62976704913214E-4
		596.546546546547	5.5913825582986E-4	596.546546546547	2.63045778281295E-4
		597.147147147147	5.59851577421007E-4	597.147147147147	2.63114389892866E-4
		597.747747747748	5.60564899012154E-4	597.747747747748	2.63182539747928E-4
		598.348348348348	5.61278220603301E-4	598.348348348348	2.6325022784648E-4
		598.948948948949	5.61991542194449E-4	598.948948948949	2.63317454188523E-4
		599.54954954955	5.62704863785596E-4	599.54954954955	2.63384218774055E-4
		600.15015015015	5.63418185376743E-4	600.15015015015	2.63450521603079E-4
		600.750750750751	5.6413150696789E-4	600.750750750751	2.63516362675593E-4
		601.351351351351	5.64844828559037E-4	601.351351351351	2.63581741991597E-4
		601.951951951952	5.65558150150184E-4	601.951951951952	2.63646659551091E-4
		602.552552552553	5.66271471741332E-4	602.552552552553	2.63711115354076E-4
		603.153153153153	5.66984793332479E-4	603.153153153153	2.63775109400552E-4
		603.753753753754	5.67698114923626E-4	603.753753753754	2.63838641690518E-4
		604.354354354354	5.68411436514773E-4	604.354354354354	2.63901712223974E-4
		604.954954954955	5.6912475810592E-4	604.954954954955	2.6396432100092E-4
		605.555555555556	5.69838079697068E-4	605.555555555556	2.64026468021357E-4
		606.156156156156	5.70551401288215E-4	606.156156156156	2.64088153285285E-4
		606.756756756757	5.71264722879362E-4	606.756756756757	2.64149376792702E-4
		607.357357357357	5.71978044470509E-4	607.357357357357	2.6421013854361E-4
		607.957957957958	5.72691366061656E-4	607.957957957958	2.64270438538009E-4
		608.558558558559	5.73404687652803E-4	608.558558558559	2.64330276775898E-4
		609.159159159159	5.74118009243951E-4	609.159159159159	2.64389653257277E-4
		609.75975975976	5.74831330835098E-4	609.75975975976	2.64448567982147E-4
		610.36036036036	5.75544652426245E-4	610.36036036036	2.64507020950507E-4
		610.960960960961	5.76257974017392E-4	610.960960960961	2.64565012162358E-4
		611.561561561562	5.76971295608539E-4	611.561561561562	2.64622541617699E-4
		612.162162162162	5.77684617199687E-4	612.162162162162	2.6467960931653E-4
		612.762762762763	5.78397938790834E-4	612.762762762763	2.64736215258852E-4
		613.363363363363	5.79111260381981E-4	613.363363363363	2.64792359444664E-4
		613.963963963964	5.79824581973128E-4	613.963963963964	2.64848041873966E-4
		614.564564564565	5.80537903564275E-4	614.564564564565	2.64903262546759E-4
		615.165165165165	5.81251225155422E-4	615.165165165165	2.64958021463043E-4
		615.765765765766	5.81964546746569E-4	615.765765765766	2.65012318622816E-4
		616.366366366366	5.82677868337717E-4	616.366366366366	2.65066154026081E-4
		616.966966966967	5.83391189928864E-4	616.966966966967	2.65119527672835E-4
		617.567567567568	5.84104511520011E-4	617.567567567568	2.6517243956308E-4
		618.168168168168	5.84817833111158E-4	618.168168168168	2.65224889696815E-4
		618.768768768769	5.85531154702305E-4	618.768768768769	2.65276878074041E-4
		619.369369369369	5.86244476293453E-4	619.369369369369	2.65328404694757E-4
		619.96996996997	5.869577978846E-4	619.96996996997	2.65379469558964E-4
		620.570570570571	5.87671119475747E-4	620.570570570571	2.65430072666661E-4
		621.171171171171	5.88384441066894E-4	621.171171171171	2.65480214017848E-4
		621.771771771772	5.89097762658041E-4	621.771771771772	2.65529893612526E-4
		622.372372372372	5.89811084249188E-4	622.372372372372	2.65579111450694E-4
		622.972972972973	5.90524405840336E-4	622.972972972973	2.65627867532352E-4
		623.573573573574	5.91237727431483E-4	623.573573573574	2.65676161857501E-4
		624.174174174174	5.9195104902263E-4	624.174174174174	2.6572399442614E-4
		624.774774774775	5.92664370613777E-4	624.774774774775	2.6577136523827E-4
		625.375375375375	5.93377692204924E-4	625.375375375375	2.6581827429389E-4
		625.975975975976	5.94091013796072E-4	625.975975975976	2.65864721593001E-4
		626.576576576577	5.94804335387219E-4	626.576576576577	2.65910707135602E-4
		627.177177177177	5.95517656978366E-4	627.177177177177	2.65956230921693E-4
		627.777777777778	5.96230978569513E-4	627.777777777778	2.66001292951275E-4
		628.378378378378	5.9694430016066E-4	628.378378378378	2.66045893224347E-4
		628.978978978979	5.97657621751807E-4	628.978978978979	2.66090031740909E-4
		629.57957957958	5.98370943342955E-4	629.57957957958	2.66133708500962E-4
		630.18018018018	5.99084264934102E-4	630.18018018018	2.66176923504505E-4
		630.780780780781	5.99797586525249E-4	630.780780780781	2.66219676751539E-4
		631.381381381381	6.00510908116396E-4	631.381381381381	2.66261968242063E-4
		631.981981981982	6.01224229707543E-4	631.981981981982	2.66303797976078E-4
		632.582582582583	6.0193755129869E-4	632.582582582583	2.66345165953583E-4
		633.183183183183	6.02650872889838E-4	633.183183183183	2.66386072174578E-4
		633.783783783784	6.03364194480985E-4	633.783783783784	2.66426516639063E-4
		634.384384384384	6.04077516072132E-4	634.384384384384	2.6646649934704E-4
		634.984984984985	6.04790837663279E-4	634.984984984985	2.66506020298506E-4
		635.585585585586	6.05504159254426E-4	635.585585585586	2.66545079493463E-4
		636.186186186186	6.06217480845573E-4	636.186186186186	2.6658367693191E-4
		636.786786786787	6.06930802436721E-4	636.786786786787	2.66621812613848E-4
		637.387387387387	6.07644124027868E-4	637.387387387387	2.66659486539276E-4
		637.987987987988	6.08357445619015E-4	637.987987987988	2.66696698708194E-4
		638.588588588589	6.09070767210162E-4	638.588588588589	2.66733449120603E-4
		639.189189189189	6.09784088801309E-4	639.189189189189	2.66769737776502E-4
		639.78978978979	6.10497410392457E-4	639.78978978979	2.66805564675892E-4
		640.39039039039	6.11210731983604E-4	640.39039039039	2.66840929818772E-4
		640.990990990991	6.11924053574751E-4	640.990990990991	2.66875833205143E-4
		641.591591591592	6.12637375165898E-4	641.591591591592	2.66910274835003E-4
		642.192192192192	6.13350696757045E-4	642.192192192192	2.66944254708355E-4
		642.792792792793	6.14064018348193E-4	642.792792792793	2.66977772825196E-4
		643.393393393393	6.1477733993934E-4	643.393393393393	2.67010829185528E-4
		643.993993993994	6.15490661530487E-4	643.993993993994	2.67043423789351E-4
		644.594594594595	6.16203983121634E-4	644.594594594595	2.67075556636664E-4
		645.195195195195	6.16917304712781E-4	645.195195195195	2.67107227727467E-4
		645.795795795796	6.17630626303928E-4	645.795795795796	2.67138437061761E-4
		646.396396396396	6.18343947895076E-4	646.396396396396	2.67169184639545E-4
		646.996996996997	6.19057269486223E-4	646.996996996997	2.67199470460819E-4
		647.597597597598	6.1977059107737E-4	647.597597597598	2.67229294525584E-4
		648.198198198198	6.20483912668517E-4	648.198198198198	2.67258656833839E-4
		648.798798798799	6.21197234259664E-4	648.798798798799	2.67287557385585E-4
		649.399399399399	6.21910555850811E-4	649.399399399399	2.67315996180821E-4
		650	6.22623877441958E-4	650	2.67343973219547E-4
