Vbg	-Seebeck	-Seebeck	-Seebeck	-Seebeck	-Seebeck	-Seebeck	-Seebeck	-Seebeck	-Seebeck	-Seebeck	-Seebeck	-Seebeck	-Seebeck	-Seebeck	-Seebeck	-Seebeck	-Seebeck
V	\g(m)V/K	\g(m)V/K	\g(m)V/K	\g(m)V/K	\g(m)V/K	\g(m)V/K	\g(m)V/K	\g(m)V/K	\g(m)V/K	\g(m)V/K	\g(m)V/K	\g(m)V/K	\g(m)V/K	\g(m)V/K	\g(m)V/K	\g(m)V/K	\g(m)V/K
Vbg	T=600 K	T=570 K	T=540 K	T=510 K	T=480 K	T=450 K	T=420 K	T=390 K	T=360 K	T=330 K	T=300 K	T=270 K	T=240 K	T=210 K	T=180 K	T=150 K	T=120 K
60	5.93771287683286E-4	5.41456869552313E-4	5.00347180130482E-4	4.57672887139319E-4	4.58488913975671E-4	4.05853499311314E-4	3.69830563860572E-4	3.34830806339025E-4	3.11293081887737E-4	2.69410637736526E-4	2.41142421134628E-4	2.10950974398374E-4	1.88283468431595E-4	1.55333696934759E-4	1.33535379966528E-4	1.02760415517538E-4	7.44984954341589E-5
59	5.94765515931159E-4	5.42487040712143E-4	5.01145199096662E-4	4.58350316811859E-4	4.59410218675977E-4	4.06905703994381E-4	3.70859329543531E-4	3.35742752350044E-4	3.12139608137028E-4	2.70283175364608E-4	2.41861151787039E-4	2.11586861030711E-4	1.88733295360572E-4	1.55783846045658E-4	1.33973396821012E-4	1.03187415019938E-4	7.49191430420685E-5
58	5.95759744179031E-4	5.43952213474798E-4	5.02368114067205E-4	4.59551135301167E-4	4.6053397021918E-4	4.07907483532893E-4	3.71743245018329E-4	3.36703034722071E-4	3.13031849956579E-4	2.7078881554484E-4	2.4257988243945E-4	2.12222747663048E-4	1.89397257153502E-4	1.56316732843607E-4	1.34523687118372E-4	1.03475413123773E-4	7.51560087885774E-5
57	5.97197294350862E-4	5.44494600410539E-4	5.03592814315078E-4	4.60594412006164E-4	4.61710906949924E-4	4.08909263071405E-4	3.72625514468034E-4	3.37471582862099E-4	3.13924091776129E-4	2.71568858018001E-4	2.43298613091861E-4	2.12814475501473E-4	1.89986487316059E-4	1.56796330961761E-4	1.34819071572223E-4	1.03852702634164E-4	7.53301862306677E-5
56	5.98966872239799E-4	5.45579374282021E-4	5.04656839603317E-4	4.61585174783057E-4	4.62834658493127E-4	4.10011892899029E-4	3.7346004919005E-4	3.38383528873118E-4	3.14676034086952E-4	2.72396689654539E-4	2.439269373729E-4	2.1344005841523E-4	1.90595837532948E-4	1.57402139111008E-4	1.35175720949836E-4	1.0423998745126E-4	7.5692817954364E-5
55	5.99575280570587E-4	5.46935341621372E-4	5.05774423211434E-4	4.6257593755995E-4	4.63704493657102E-4	4.11015353275693E-4	3.74686337884137E-4	3.39392147606153E-4	3.15710151814205E-4	2.73085778558695E-4	2.44600464839625E-4	2.1423050082626E-4	1.91163510494436E-4	1.57737296860244E-4	1.35634250613616E-4	1.04478275563086E-4	7.59392881201833E-5
54	6.00792097232162E-4	5.48074718204506E-4	5.06784890179795E-4	4.63671728193051E-4	4.64727021778857E-4	4.11867538218689E-4	3.75422111100589E-4	3.40255757256164E-4	3.16602393633755E-4	2.73821115040312E-4	2.45364398677722E-4	2.14711831679904E-4	1.91709626254855E-4	1.58197262306895E-4	1.36082523872747E-4	1.04756278360217E-4	7.60941269342025E-5
53	6.02394733810823E-4	5.49266877408903E-4	5.07902473787912E-4	4.64715004898047E-4	4.6605665146738E-4	4.12968487208161E-4	3.76256645822605E-4	3.41120978118209E-4	3.17400051514837E-4	2.74739900245854E-4	2.46126825742963E-4	2.15369797709197E-4	1.9236352802062E-4	1.58657227753546E-4	1.36479925364827E-4	1.05123705834661E-4	7.63068518429849E-5
52	6.0316822854844E-4	5.50515459415339E-4	5.08859382436395E-4	4.65966586851189E-4	4.67283342083243E-4	4.14020691891229E-4	3.7743355376391E-4	3.41887915046203E-4	3.18339585303622E-4	2.75428989150011E-4	2.46711453611172E-4	2.16116081326315E-4	1.9292976383537E-4	1.59115790866518E-4	1.37009155844643E-4	1.05530714723653E-4	7.66645515675758E-5
51	6.04273751003164E-4	5.51707618619736E-4	5.09976966044512E-4	4.66957349628082E-4	4.68305870204997E-4	4.15072896574296E-4	3.7841458471918E-4	3.42801472269256E-4	3.19138819583679E-4	2.76209031623173E-4	2.47564287047785E-4	2.16729888561695E-4	1.93508933970762E-4	1.59669712669649E-4	1.37528813680122E-4	1.05917999540748E-4	7.68531356386319E-5
50	6.05600006968143E-4	5.52901597914521E-4	5.11201666292385E-4	4.67844835013037E-4	4.69431337399411E-4	4.16224270708324E-4	3.79444996427231E-4	3.43856816151266E-4	3.20031061403229E-4	2.7699061568225E-4	2.48328220885883E-4	2.17311312681541E-4	1.94129781361554E-4	1.60129678116299E-4	1.37855651108226E-4	1.06364856385801E-4	7.72255015710888E-5
49	6.06816823629718E-4	5.54095577209306E-4	5.12424581262928E-4	4.68993139574242E-4	4.70658028015274E-4	4.17226050246836E-4	3.80426027382501E-4	3.4472203701331E-4	3.20970595192014E-4	2.77863153310332E-4	2.48956545166921E-4	2.17958974992254E-4	1.94697454323042E-4	1.60787372611663E-4	1.3835479613441E-4	1.06801717924149E-4	7.75590604579533E-5
48	6.08087432491272E-4	5.55396941837006E-4	5.13381489911412E-4	4.69983902351135E-4	4.71987657703797E-4	4.18278254929904E-4	3.8140705833777E-4	3.45537310302313E-4	3.21817121441305E-4	2.78507536222943E-4	2.49630072633646E-4	2.18703786649575E-4	1.95371476143138E-4	1.61195451712197E-4	1.38894966779184E-4	1.06940719322714E-4	7.77476445290094E-5
47	6.09636276869954E-4	5.5653631842014E-4	5.14552631839406E-4	4.71235484304277E-4	4.73164594434541E-4	4.19280034468416E-4	3.82289327787475E-4	3.46594265396356E-4	3.22756655230089E-4	2.79333826273565E-4	2.50394006471743E-4	2.19361752678868E-4	1.96046935109972E-4	1.61791443525693E-4	1.3938317164041E-4	1.07377580861063E-4	7.7945833019376E-5
46	6.10686152221252E-4	5.57675695003273E-4	5.15670215447524E-4	4.7222624708117E-4	4.74339815514074E-4	4.20332239151484E-4	3.83418501001091E-4	3.47891291083406E-4	3.2364889704964E-4	2.80345106634028E-4	2.51246839908357E-4	2.19977031874045E-4	1.96764071332206E-4	1.62501024367172E-4	1.39719581712852E-4	1.07764865678158E-4	7.80861354149793E-5
45	6.11791674675976E-4	5.59084444963888E-4	5.16841357375518E-4	4.73427065570478E-4	4.75566506129937E-4	4.21485294123664E-4	3.84350151203579E-4	3.48754900733417E-4	3.24588430838425E-4	2.8112514910719E-4	2.51920367375082E-4	2.20733619209743E-4	1.97459650353371E-4	1.62836182116408E-4	1.4037188904844E-4	1.08162012531202E-4	7.84342307202597E-5
44	6.1262081651702E-4	5.6016921883537E-4	5.1785182434388E-4	4.74783675379828E-4	4.7684466628213E-4	4.22687093402248E-4	3.85527059144883E-4	3.49523448873445E-4	3.25715556105171E-4	2.81952980743727E-4	2.52773200811695E-4	2.21468127148484E-4	1.98017263287694E-4	1.63296147563059E-4	1.407999230024E-4	1.08559292655002E-4	7.87775238158848E-5
43	6.14390394405957E-4	5.61472403553458E-4	5.1939430395636E-4	4.75669410300513E-4	4.77918663940214E-4	4.23838467536275E-4	3.86656232358499E-4	3.50627129116463E-4	3.26609374323696E-4	2.82688317225344E-4	2.53491931464106E-4	2.22093710062241E-4	1.98669727906721E-4	1.63829034361008E-4	1.41177358693432E-4	1.0892658685869E-4	7.89757123062514E-5
42	6.15827944577787E-4	5.62882973604462E-4	5.20565445884355E-4	4.76661923541676E-4	4.79196824092407E-4	4.24941097363899E-4	3.8768664406655E-4	3.51684084210506E-4	3.27596200081715E-4	2.83514607275965E-4	2.54299561715034E-4	2.2278405920707E-4	1.99280515270347E-4	1.64392772499891E-4	1.41605392647393E-4	1.09403296353098E-4	7.9270983305324E-5
41	6.17042906335915E-4	5.64238940943814E-4	5.21522354532839E-4	4.77966019422922E-4	4.8052645378093E-4	4.26092471497927E-4	3.88912932760637E-4	3.52644366582533E-4	3.28770617317696E-4	2.84387144904048E-4	2.55063495553131E-4	2.23530342824187E-4	1.99911422688305E-4	1.64904624292658E-4	1.42246759818023E-4	1.0960186977962E-4	7.96190786106044E-5
40	6.18259722997491E-4	5.65269112103644E-4	5.22959502782893E-4	4.79061810056022E-4	4.81753144396793E-4	4.27195101325551E-4	3.89745821457561E-4	3.53652985315568E-4	3.29615567168012E-4	2.85214976540585E-4	2.55827429391228E-4	2.24166229456524E-4	2.00532270079097E-4	1.65447327426358E-4	1.42704879225616E-4	1.0998902132596E-4	7.96577558667467E-5
39	6.19530331859044E-4	5.66408488686777E-4	5.24182417753437E-4	4.80105086761019E-4	4.83031304548986E-4	4.28497750893247E-4	3.90874994671176E-4	3.54709940409612E-4	3.30555100956797E-4	2.86087514168667E-4	2.5654616004364E-4	2.24846274882773E-4	2.01304017877373E-4	1.65928327878191E-4	1.43112400370282E-4	1.10574879569578E-4	7.97351103790312E-5
38	6.20802795624045E-4	5.67764456026129E-4	5.25512449363735E-4	4.81564973962306E-4	4.8420824127973E-4	4.29499530431759E-4	3.92150664118045E-4	3.55813620652629E-4	3.3158921868405E-4	2.86913804219289E-4	2.57444196665939E-4	2.25669100409339E-4	2.01978039697469E-4	1.66555171032621E-4	1.43601972752127E-4	1.1084302033076E-4	8.0088137683417E-5
37	6.22240345795876E-4	5.69282411410048E-4	5.26842480974034E-4	4.82921583771656E-4	4.85537870968252E-4	4.30901349450415E-4	3.93278191306568E-4	3.56725566663648E-4	3.32528752472834E-4	2.87925084579751E-4	2.58251826916867E-4	2.2653461277002E-4	2.02631941463234E-4	1.67139944176686E-4	1.44110690422649E-4	1.11111161091943E-4	8.02669875457124E-5
36	6.24063715884792E-4	5.70421787993181E-4	5.28013622902029E-4	4.84017374404757E-4	4.87071663150884E-4	4.31953554133483E-4	3.94357983767401E-4	3.57879194479708E-4	3.33420994292385E-4	2.88660421061368E-4	2.5906096394065E-4	2.27192578799313E-4	2.03349077685468E-4	1.67620944628518E-4	1.44458040660048E-4	1.11548022630291E-4	8.03491442676522E-5
35	6.25169238339516E-4	5.71886960755837E-4	5.29077648190268E-4	4.85163928501691E-4	4.88145660808968E-4	4.32955333671994E-4	3.95485510955924E-4	3.5912788380575E-4	3.34595411528366E-4	2.8953295868945E-4	2.59868594191578E-4	2.2793886241643E-4	2.04013039478398E-4	1.68280041457561E-4	1.45099407830679E-4	1.11895592762083E-4	8.08278077597753E-5
34	6.26551141407921E-4	5.73242928095189E-4	5.30620127802749E-4	4.86312233062896E-4	4.8962798345527E-4	4.34108388644174E-4	3.96515922663976E-4	3.59943157094752E-4	3.35582237286384E-4	2.90544239049913E-4	2.6085703718525E-4	2.28640987239636E-4	2.04698558472398E-4	1.68749823239963E-4	1.45721629712634E-4	1.12094166188605E-4	8.10115896211761E-5
33	6.27879252276347E-4	5.74544292722889E-4	5.31791269730744E-4	4.87513051552204E-4	4.91009082680122E-4	4.35459782518274E-4	3.97595715124809E-4	3.61048448549804E-4	3.36521771075169E-4	2.91324281523074E-4	2.61574261064805E-4	2.29331336384464E-4	2.05286351488217E-4	1.69407517735326E-4	1.46047099620118E-4	1.12640309746918E-4	8.08858236439887E-5
32	6.29316802448178E-4	5.75738272017674E-4	5.33121301341043E-4	4.88659605649138E-4	4.91980141265547E-4	4.36511987201342E-4	3.98822003818896E-4	3.62248801514837E-4	3.37366720925485E-4	2.92289314306077E-4	2.62338194902902E-4	2.29989302413757E-4	2.05971870482217E-4	1.69930588197523E-4	1.46454620764783E-4	1.13097028627918E-4	8.1113084971187E-5
31	6.30752497716561E-4	5.77148842068678E-4	5.34451332951342E-4	4.89963701530384E-4	4.93615156869627E-4	4.37764211624482E-4	4.00145407993454E-4	3.63304145396847E-4	3.38635722099935E-4	2.93163393520074E-4	2.63281434710888E-4	2.30834207337279E-4	2.06700503878355E-4	1.7034848363381E-4	1.46994791409557E-4	1.13355174082397E-4	8.14661122755728E-5
30	6.32080608584988E-4	5.7850480940803E-4	5.35781364561641E-4	4.91528616587879E-4	4.9494478655815E-4	4.39218136625846E-4	4.01175819701506E-4	3.64264427768874E-4	3.39622547857953E-4	2.94082178725616E-4	2.64134268147502E-4	2.31556939597644E-4	2.07342908470216E-4	1.70943073113626E-4	1.47524021889374E-4	1.13682886871536E-4	8.13694191352171E-5
29	6.33351217446541E-4	5.7980617403573E-4	5.37059623129391E-4	4.92521129829042E-4	4.96325885783003E-4	4.40369510759874E-4	4.02306638940214E-4	3.65418055584933E-4	3.40844257063168E-4	2.95184412655084E-4	2.64852998799913E-4	2.32292919496182E-4	2.08124716295658E-4	1.71550283596552E-4	1.47880944771111E-4	1.13941032326015E-4	8.10502668773184E-5
28	6.3440109279784E-4	5.81216744086734E-4	5.38282538099934E-4	4.94033530958433E-4	4.97655515471525E-4	4.41421715442941E-4	4.03582308387083E-4	3.66570072188959E-4	3.41831082821187E-4	2.96056950283166E-4	2.6561693263801E-4	2.33059810550458E-4	2.08895026947196E-4	1.71905074017292E-4	1.48308978725071E-4	1.14149467788485E-4	8.13355440887301E-5
27	6.36391404197032E-4	5.82951290226871E-4	5.39771459392538E-4	4.95232598983472E-4	4.99393470148265E-4	4.42823534461597E-4	4.04856331808859E-4	3.67578690921994E-4	3.42958208087934E-4	2.96975735488708E-4	2.66560172445996E-4	2.3377371105204E-4	2.09441142707615E-4	1.72301934448396E-4	1.48849149369845E-4	1.14457323234972E-4	8.07697918755619E-5
26	6.37552573755182E-4	5.84199872233308E-4	5.41155049322714E-4	4.96380903544676E-4	5.0051893734268E-4	4.44376628913921E-4	4.05936124269692E-4	3.6873070752602E-4	3.43945033845953E-4	2.97987015849171E-4	2.67458209068296E-4	2.34387518287421E-4	2.10041870044076E-4	1.72982066282621E-4	1.49185559442287E-4	1.14655896661494E-4	8.06150828509928E-5
25	6.39045771030438E-4	5.85665044995963E-4	5.42538639252891E-4	4.97579971569714E-4	5.01797097494872E-4	4.45329664146029E-4	4.07162412963779E-4	3.70122794723053E-4	3.44884567634737E-4	2.98813305899793E-4	2.68265839319223E-4	2.35110250547785E-4	2.10833737896683E-4	1.73472883070205E-4	1.49714789922103E-4	1.14745321338806E-4	8.06150828509928E-5
24	6.40260732788566E-4	5.8712839766823E-4	5.44029345822823E-4	4.98675762202815E-4	5.03227950604844E-4	4.46581888569169E-4	4.08291586177395E-4	3.70939679224089E-4	3.4596440093225E-4	2.9954864238141E-4	2.69209079127209E-4	2.36009617983799E-4	2.11464645314641E-4	1.73984734862972E-4	1.50092225613136E-4	1.14586462597589E-4	8.01848308237726E-5
23	6.42030310677504E-4	5.88267774251364E-4	5.45677156797731E-4	4.99771552835915E-4	5.04660519366027E-4	4.47983707587825E-4	4.09565609599171E-4	3.71948297957124E-4	3.47045810628737E-4	3.00513675164412E-4	2.6997150619245E-4	2.36788284716452E-4	2.12075432678268E-4	1.74559691671285E-4	1.50367097257691E-4	1.14933899458624E-4	7.94208901202378E-5
22	6.43356566642483E-4	5.90058743193541E-4	5.46955415365481E-4	5.01180676573369E-4	5.0599014905455E-4	4.49086337415449E-4	4.10694782812786E-4	3.73196987283166E-4	3.48172935895483E-4	3.0166215667134E-4	2.70735440030548E-4	2.37458026424122E-4	2.12910414933013E-4	1.74956552102389E-4	1.50693934685795E-4	1.14983609450633E-4	7.89661078869409E-5
21	6.45014850324569E-4	5.91631301289112E-4	5.48124772016147E-4	5.03006410807113E-4	5.07472471700851E-4	4.50488156434104E-4	4.12019833012437E-4	3.743973402482E-4	3.49394645100698E-4	3.02351245575496E-4	2.71588273467161E-4	2.38280851950687E-4	2.13328624633755E-4	1.75238421171831E-4	1.50957866165394E-4	1.14775040717407E-4	7.82215058114772E-5
20	6.46673134006655E-4	5.9287806320516E-4	5.49827926588261E-4	5.04676353720816E-4	5.08903324810823E-4	4.5214210117554E-4	4.1314736020096E-4	3.75357622620227E-4	3.50569062336679E-4	3.03362525935959E-4	2.72397410490945E-4	2.39025663608008E-4	2.13896297595243E-4	1.75740456628846E-4	1.51182139547022E-4	1.14477180577624E-4	7.65582540079097E-5
19	6.47724864261401E-4	5.94234030544512E-4	5.51211516518438E-4	5.05875421745854E-4	5.10335893572005E-4	4.53243050165012E-4	4.14373648895047E-4	3.76701373456251E-4	3.5146130415623E-4	3.04418512287966E-4	2.73295447113245E-4	2.39520242099825E-4	2.14859185909666E-4	1.76074212044403E-4	1.51213592521274E-4	1.14020461696623E-4	7.53108476025966E-5
18	6.49991556274274E-4	5.95915794063386E-4	5.52434431488981E-4	5.07335308947142E-4	5.11614053724198E-4	4.54345679992636E-4	4.15795814575169E-4	3.77853390060277E-4	3.52495421883482E-4	3.05107601192123E-4	2.74014177765656E-4	2.40220894963234E-4	2.15501590501527E-4	1.76241089752182E-4	1.51365387310059E-4	1.13543885472971E-4	7.45903863648593E-5
17	6.51482898646083E-4	5.97164376069823E-4	5.53925138058913E-4	5.08641155292658E-4	5.13403477937268E-4	4.55698754704888E-4	4.17022103269256E-4	3.78958681515328E-4	3.53669839119463E-4	3.06165129130046E-4	2.75001113986472E-4	2.40824398480035E-4	2.15951417430504E-4	1.7668002019365E-4	1.51457011191578E-4	1.12680024432222E-4	7.19359325305586E-5
16	6.53252476535021E-4	5.98520343409175E-4	5.5530872798909E-4	5.09996014637737E-4	5.1488580058357E-4	4.57100573723544E-4	4.17955399496836E-4	3.8020737084137E-4	3.54467497000546E-4	3.06991419180668E-4	2.75674641453197E-4	2.4152652330324E-4	2.16475975989854E-4	1.77276012007146E-4	1.51294276237835E-4	1.11935307447387E-4	6.87593357383373E-5
15	6.54799466010255E-4	5.99930913460179E-4	5.56638759599389E-4	5.11144319198942E-4	5.16318369344752E-4	4.58403223291239E-4	4.19033545932577E-4	3.81359387445396E-4	3.55361315219071E-4	3.08093653110135E-4	2.76214066135719E-4	2.42238951845025E-4	2.16937300092734E-4	1.77130169304549E-4	1.50877182448833E-4	1.10733738310795E-4	6.66028840242309E-5
14	6.56016282671831E-4	6.01720062311968E-4	5.58074122572114E-4	5.12604206400229E-4	5.17697752918394E-4	4.59756298003491E-4	4.20554473118263E-4	3.82271333456415E-4	3.56583024424285E-4	3.08828989591752E-4	2.77112102758019E-4	2.42776217170958E-4	2.1745036147818E-4	1.77055845619572E-4	1.50550345020729E-4	1.09155012934568E-4	6.3126473602182E-5
13	6.57398185740236E-4	6.03185235074624E-4	5.59564829142047E-4	5.13752510961434E-4	5.19334484173685E-4	4.61107691877591E-4	4.21731381059568E-4	3.83376624911466E-4	3.57380682305368E-4	3.09518078495909E-4	2.77876036596116E-4	2.43270795662776E-4	2.17525093108553E-4	1.77151204309732E-4	1.49735302731399E-4	1.07337866175758E-4	5.82672863783221E-5
12	6.59112116525747E-4	6.04595805125627E-4	5.61267983714161E-4	5.15056606842679E-4	5.20715583398538E-4	4.62410341445287E-4	4.2276179276762E-4	3.84336907283493E-4	3.58272924124918E-4	3.10207167400065E-4	2.78504360877155E-4	2.43763902194796E-4	2.18157437673249E-4	1.77097915629937E-4	1.48523679462361E-4	1.05461280659748E-4	5.39157056939668E-5
11	6.60659106000982E-4	6.06384953977417E-4	5.62756905006764E-4	5.16413216652029E-4	5.2219790604484E-4	4.63763416157539E-4	4.24037462214488E-4	3.85057119062514E-4	3.59166742343443E-4	3.11172200183068E-4	2.79132685158193E-4	2.44355630033221E-4	2.18147377646083E-4	1.76367299783275E-4	1.4745291081715E-4	1.01449697631737E-4	4.91725502385337E-5
10	6.61764628455706E-4	6.07902909361335E-4	5.64406501259001E-4	5.17769826461379E-4	5.23628759154811E-4	4.65165235176195E-4	4.2506787392254E-4	3.86065737795549E-4	3.60058984162994E-4	3.11724087940759E-4	2.79761009439232E-4	2.44224625611281E-4	2.18029531613572E-4	1.75907334336625E-4	1.4625086019245E-4	9.71502497706469E-5	4.31722541690268E-5
9	6.63037092220707E-4	6.09422684835643E-4	5.65895422551604E-4	5.19229713662666E-4	5.25112797452324E-4	4.66318290148374E-4	4.26147666383373E-4	3.87266090760583E-4	3.6057604302662E-4	3.12596625568841E-4	2.80121128151866E-4	2.44597031439941E-4	2.18339955308968E-4	1.75489438900338E-4	1.4359103258717E-4	9.25033650485217E-5	3.67609149109208E-5
8	6.64418995289112E-4	6.10995242931213E-4	5.66854116477417E-4	5.20847142648265E-4	5.26698059171285E-4	4.67820959456142E-4	4.2742168980515E-4	3.88129700410594E-4	3.61608584354899E-4	3.13102265749073E-4	2.80390840493127E-4	2.45047451137846E-4	2.18189054901484E-4	1.73900594842243E-4	1.41390691910103E-4	8.63371937073696E-5	3.20467025028693E-5
7	6.65912192564368E-4	6.12622403738436E-4	5.68450154409775E-4	5.22569599490072E-4	5.27976219323478E-4	4.68822738994654E-4	4.28649624524329E-4	3.88754850679631E-4	3.62360526665721E-4	3.13469163196923E-4	2.80749452432904E-4	2.44937054153066E-4	2.17536590282457E-4	1.72501065830788E-4	1.38252232087934E-4	7.88599046681486E-5	2.67136539965416E-5
6	6.67902503963561E-4	6.13816383033221E-4	5.70205082024438E-4	5.24082000619463E-4	5.29202909939341E-4	4.70174132868754E-4	4.29531893974035E-4	3.89618460329642E-4	3.62689994051386E-4	3.1383760223069E-4	2.81064367959852E-4	2.4453226520887E-4	2.17204609385992E-4	1.70599501362317E-4	1.33413123623129E-4	7.18200102503E-5	1.97608331524438E-5
5	6.69449493438796E-4	6.15498146552095E-4	5.71588671954615E-4	5.25594401748854E-4	5.30940864616081E-4	4.71276762696378E-4	4.30611686434868E-4	3.90530406340661E-4	3.62877585529348E-4	3.14250747256E-4	2.80524943277329E-4	2.44224625611281E-4	2.16444358761619E-4	1.68205717772583E-4	1.27839793337617E-4	6.37969774650338E-5	1.74642088321842E-5
4	6.70887043610626E-4	6.17179910070969E-4	5.72918703564914E-4	5.27264344662557E-4	5.32270494304604E-4	4.72379392524002E-4	4.31640452117827E-4	3.91395627202706E-4	3.63441936362208E-4	3.14021050954615E-4	2.80300434121754E-4	2.43709439682304E-4	2.15030206371482E-4	1.65050466995254E-4	1.21869198312088E-4	5.35597843386701E-5	1.28661060662295E-5
3	6.72545327292712E-4	6.19511445858499E-4	5.75046754141392E-4	5.28881773648156E-4	5.34315550548113E-4	4.73682042091698E-4	4.32083232867772E-4	3.91587361434704E-4	3.63534943901702E-4	3.13561658351844E-4	2.80434536905957E-4	2.42612829633482E-4	2.13242395829479E-4	1.61822294866627E-4	1.13972860749924E-4	4.51097520510037E-5	7.76510811781039E-6
2	6.75861894656884E-4	6.23362757120336E-4	5.78187056963561E-4	5.31334174090607E-4	5.35900812267074E-4	4.74732565936614E-4	4.32769625331442E-4	3.9201916625971E-4	3.63207052915012E-4	3.13607905929304E-4	2.79851415810604E-4	2.41472060790748E-4	2.11562371292821E-4	1.57549384147283E-4	1.03936763674144E-4	3.88441607258346E-5	6.45480574495854E-6
1	6.8304779061259E-4	6.27159465670522E-4	5.80368665859917E-4	5.33054880468143E-4	5.37383134913376E-4	4.75685601168722E-4	4.33161379303513E-4	3.91970829898702E-4	3.6273728602062E-4	3.13239466895538E-4	2.78459157691468E-4	2.40419609535839E-4	2.08788678088588E-4	1.50246030348025E-4	9.56227853147283E-5	2.98282608079588E-5	6.69172340724744E-6
0	6.85757804549422E-4	6.28624638433177E-4	5.82016476834824E-4	5.34203185029348E-4	5.38252970077351E-4	4.76236916082533E-4	4.33750656286712E-4	3.91779095666703E-4	3.62125643218525E-4	3.12274434112535E-4	2.76842390416758E-4	2.38039450543967E-4	2.05072216624264E-4	1.43485379682468E-4	8.58822094448615E-5	2.26193790714325E-5	2.557747715E-6
-1	6.86531299287039E-4	6.29980605772529E-4	5.83507183404757E-4	5.35246461734344E-4	5.39326967735435E-4	4.76836975302749E-4	4.33849417792276E-4	3.91587361434704E-4	3.60998517951778E-4	3.11218447760528E-4	2.74687705232381E-4	2.3506756371367E-4	2.01186171844862E-4	1.36161551811499E-4	7.37062161034039E-5	1.8677363378082E-5	1.68743157812895E-6
-2	6.87581174638337E-4	6.31281970400229E-4	5.84358760690814E-4	5.36445529759382E-4	5.39786762259983E-4	4.76937825591861E-4	4.33946533272747E-4	3.91347290841698E-4	3.60058984162994E-4	3.09610573650829E-4	2.72352207305259E-4	2.315790189946E-4	1.96795688560441E-4	1.26528360838261E-4	6.31812304060877E-5	1.38616246080351E-5	2.9977339509808E-6
-3	6.89239458320423E-4	6.33018336630755E-4	5.85901240303295E-4	5.37488806464379E-4	5.40450719278639E-4	4.76487360967161E-4	4.33604160053459E-4	3.89906867283657E-4	3.58742691019311E-4	3.07313610636974E-4	2.69882606593934E-4	2.27796082316114E-4	1.90092836174667E-4	1.15307026973767E-4	5.34101588264019E-5	8.65852105843879E-6	8.60640333362972E-7
-4	6.90788302699105E-4	6.33831917034366E-4	5.86911707271656E-4	5.38218750065023E-4	5.40706351309077E-4	4.76937825591861E-4	4.32769625331442E-4	3.88994921272638E-4	3.56488440485817E-4	3.04648208589352E-4	2.6606595094916E-4	2.2198331307746E-4	1.82822310827406E-4	1.04357325142859E-4	4.18356010534803E-5	7.16910041584388E-6	-3.09444007028148E-7
-5	6.91726883843552E-4	6.34754702861281E-4	5.87657953195287E-4	5.3900120759377E-4	5.41064922412176E-4	4.76636955562678E-4	4.31788594376173E-4	3.87697895585588E-4	3.53200072225071E-4	3.0202905411919E-4	2.60991139969452E-4	2.15260872684213E-4	1.75219804583679E-4	9.30731667295549E-5	3.26451787289112E-5	6.12650996415012E-6	1.44568574829479E-6
-6	6.92556025684595E-4	6.36110670200633E-4	5.88827309845952E-4	5.40096998226871E-4	5.40912229454397E-4	4.75534325735054E-4	4.31052821159721E-4	3.85200516933504E-4	3.50286886920249E-4	2.98170464573096E-4	2.55467310678595E-4	2.08263175808913E-4	1.65539184156884E-4	7.91976359111717E-5	2.84168049728562E-5	2.97885461226544E-6	2.38851525096007E-6
-7	6.93440814629064E-4	6.37086238648811E-4	5.89571770492254E-4	5.40618636579369E-4	5.41728879430831E-4	4.75033435965798E-4	4.287467400048E-4	3.82608076771438E-4	3.4652875176511E-4	2.92704000917303E-4	2.50079090944796E-4	1.99019268283275E-4	1.53836498269801E-4	6.96167519841534E-5	2.04388264296967E-5	1.45963462861663E-6	-6.28558625986363E-7
-8	6.94049222959852E-4	6.37792433719507E-4	5.90369789458433E-4	5.41350330644283E-4	5.41116391948505E-4	4.7398123128273E-4	4.26392924122191E-4	3.79007017876336E-4	3.41361315926795E-4	2.87235995675595E-4	2.41996761344098E-4	1.89488328597207E-4	1.43460729965863E-4	5.95550078386701E-5	1.41422144884355E-5	3.01856929756982E-6	2.27248348253328E-7
-9	6.94657631290639E-4	6.38551411411466E-4	5.90584022737945E-4	5.41766941140574E-4	5.39990924754091E-4	4.71327187840934E-4	4.24037462214488E-4	3.75069215666212E-4	3.35864412702815E-4	2.80850746814259E-4	2.32656276408466E-4	1.78740078158957E-4	1.31286228804713E-4	4.7038057888321E-5	1.15745851233341E-5	1.28090788308641E-6	1.64392615444141E-6
-10	6.95486773131682E-4	6.39526979859644E-4	5.90901802102553E-4	5.4171442721247E-4	5.39479660693214E-4	4.69222778474798E-4	4.20554473118263E-4	3.69354246583024E-4	3.2886362485719E-4	2.72166993353153E-4	2.22776366790312E-4	1.66325569230417E-4	1.15920974455979E-4	3.81256664259928E-5	1.05455121818176E-5	-4.26968850126282E-7	2.75597514220161E-7
-11	6.97033762606917E-4	6.40340560263256E-4	5.91860496028366E-4	5.41089511468034E-4	5.3840566303513E-4	4.66918349368591E-4	4.16286330052804E-4	3.63015738442832E-4	3.20500828297622E-4	2.63023847289276E-4	2.12313336076806E-4	1.52144708545385E-4	1.03425127284224E-4	3.20865164381846E-5	5.81785664751691E-6	2.04547954515874E-6	-1.45535506233035E-6
-12	6.96757381993236E-4	6.40285957551604E-4	5.92072944030548E-4	5.40723664435577E-4	5.36003751339734E-4	4.62610361185359E-4	4.11479936782021E-4	3.57350716932686E-4	3.10118664651757E-4	2.53835995233853E-4	1.99380704651975E-4	1.40761601846656E-4	9.10150777727253E-5	2.42086265307168E-5	4.37101983189396E-6	1.93625083349607E-6	1.36831825706524E-6
-13	6.96979970406939E-4	6.41046755333952E-4	5.91382041704124E-4	5.40410331331224E-4	5.33600123993127E-4	4.58552817886755E-4	4.06132001255728E-4	3.48899909816441E-4	2.99971384453088E-4	2.42579334880046E-4	1.8649327641283E-4	1.26230267533941E-4	7.65487587085752E-5	1.75112211140737E-5	5.67521057167794E-6	-7.24854311352826E-7	1.07821677179173E-6
-14	6.97586523834279E-4	6.41317948801822E-4	5.91167808424613E-4	5.38689624953688E-4	5.30685232585643E-4	4.54396105137192E-4	3.98723242313332E-4	3.38815333698124E-4	2.86958210918831E-4	2.29577599270074E-4	1.73964460113463E-4	1.10481769665023E-4	6.27895158394938E-5	1.54948055173085E-5	2.5777763680995E-6	-5.75909581678213E-7	-1.0298663079304E-6
-15	6.96924323303513E-4	6.40666356442778E-4	5.90318016415885E-4	5.37593834320587E-4	5.27209323232162E-4	4.48133302183341E-4	3.89991079196378E-4	3.28443961837825E-4	2.72676036210124E-4	2.15703326032021E-4	1.57213666271002E-4	9.7935667530624E-5	5.44269026860681E-5	1.27991275331999E-5	-4.0754849507746E-8	1.81709345050731E-6	2.36917662288894E-7
-16	6.96536648482981E-4	6.40285957551604E-4	5.8888086816583E-4	5.35297225198178E-4	5.21993743550731E-4	4.41070420269202E-4	3.81652316076587E-4	3.15910343428431E-4	2.57969810177286E-4	2.01138422303895E-4	1.40284922554222E-4	8.49722647937541E-5	4.39656241512219E-5	7.30332575258455E-6	2.33325000609426E-6	-3.17744136586297E-7	1.67293409654811E-6
-17	6.96757381993236E-4	6.396907879946E-4	5.87072382231289E-4	5.33210671788185E-4	5.17033795899738E-4	4.3290658936559E-4	3.71743245018329E-4	3.01121028171994E-4	2.42514794631573E-4	1.82668681452215E-4	1.25690772700851E-4	7.09016538975235E-5	3.39967120887956E-5	6.49882094438632E-6	1.36531207388065E-6	-7.54642990746236E-7	-2.46588274218961E-7
-18	6.95319831821405E-4	6.38009024475726E-4	5.85901240303295E-4	5.30549966097589E-4	5.10692749023893E-4	4.24490632739199E-4	3.5786066938621E-4	2.86476721998582E-4	2.24145017382064E-4	1.66727141501691E-4	1.08716524443814E-4	6.02966251475289E-5	2.90391307015819E-5	6.08089746142647E-6	-8.76244307143356E-7	1.47949197126882E-6	-8.12289869501636E-7
-19	6.94104870063277E-4	6.3681504518094E-4	5.82496716436395E-4	5.26637678453851E-4	5.02871095152957E-4	4.12017132814205E-4	3.4294768204604E-4	2.69765230786057E-4	2.04976005852498E-4	1.50417624993176E-4	9.30445799663975E-5	5.23895515095953E-5	2.45954729878573E-5	2.39264769945396E-6	7.03034145454506E-7	6.1562826510528E-7	1.12173257863528E-6
-20	6.93884136553022E-4	6.36381863668503E-4	5.79622419936286E-4	5.22047961137574E-4	4.93615156869627E-4	3.99442782600098E-4	3.28525210183504E-4	2.51614927227526E-4	1.87217871405084E-4	1.33143075701658E-4	8.05156129897447E-5	4.08959006301058E-5	1.71322262630373E-5	1.97472421649411E-6	1.90532545378355E-6	-1.39013392933395E-6	5.12516474403557E-7
-21	6.91506150333297E-4	6.33344132810277E-4	5.77228363037748E-4	5.16934855004528E-4	4.83952609249291E-4	3.8586665284748E-4	3.1145428394676E-4	2.31687456795931E-4	1.66546551652847E-4	1.15501012327924E-4	6.87953310050186E-5	3.16178436371754E-5	1.35772857205902E-5	3.44793183943432E-6	2.44533199608335E-7	3.97180170732871E-7	-1.40700849215252E-6
-22	6.88853638403338E-4	6.29600206881355E-4	5.71854678276675E-4	5.10466889526402E-4	4.71272231148811E-4	3.70038199971362E-4	2.91046864847043E-4	2.15074249517456E-4	1.48834448055488E-4	1.01442519572987E-4	5.50094141117172E-5	2.71653124469998E-5	1.3148987249748E-5	2.15234380025256E-6	-7.03034145454506E-7	1.65822138221416E-6	6.33394580898647E-7
-23	6.85425776832315E-4	6.26888272202651E-4	5.65682974549422E-4	5.02798105558968E-4	4.56802428835261E-4	3.53155861574024E-4	2.72209753685795E-4	1.94713363048822E-4	1.32109485495942E-4	8.72916858217216E-5	4.58036346694305E-5	2.22520578403393E-5	8.68388730669321E-6	-7.20931330275693E-7	1.70153753103862E-6	-1.01280843583815E-6	2.08391239042221E-6
-24	6.8244123718525E-4	6.22603779428377E-4	5.60096841786166E-4	4.93564406534039E-4	4.42639728088479E-4	3.3477253470707E-4	2.5150769609448E-4	1.72480248197142E-4	1.14773668333788E-4	7.11657721957233E-5	3.9696533605935E-5	1.60667355770456E-5	5.05399956186232E-6	1.05527292131093E-6	6.21520343877155E-7	-1.61850669690978E-6	-1.0008570679292E-6
-25	6.77134358421885E-4	6.16744908468143E-4	5.52382658446432E-4	4.84225679652902E-4	4.26481724983308E-4	3.13533463820096E-4	2.28305326387301E-4	1.54906436304233E-4	9.5934281829784E-5	6.06908500595843E-5	3.04011011787039E-5	1.32152697777477E-5	6.23185628534693E-6	2.99865217541621E-6	-1.14115356398494E-6	1.51921998364881E-6	-3.91639665802968E-7
-26	6.71771832555095E-4	6.11754220623173E-4	5.42113743248527E-4	4.73532093426686E-4	4.05926507824351E-4	2.89238629173031E-4	2.0642636085468E-4	1.35987262363266E-4	8.28266819969562E-5	5.0905016827602E-5	2.28119383338425E-5	1.22392132363065E-5	4.96833124481344E-6	-4.28379282869081E-7	4.17744728817805E-7	1.29083388899738E-7	1.64392615444141E-6
-27	6.66906420812241E-4	6.05354782817587E-4	5.32855295018983E-4	4.60072773653666E-4	3.85474229738054E-4	2.64842944236854E-4	1.85528426277329E-4	1.14523340136428E-4	7.02829600772965E-5	3.98325759906775E-5	2.07014015941523E-5	7.13953492134628E-6	1.16713129737934E-6	-1.23289250506939E-6	1.56909315902247E-6	-1.56886334027929E-6	-5.46361669317041E-7
-28	6.60161991877046E-4	5.96186987531257E-4	5.21895477494654E-4	4.44525150006382E-4	3.62976895408248E-4	2.4039683415612E-4	1.63992821579053E-4	9.80048721255291E-5	5.44035779276566E-5	3.26655889116736E-5	1.6210917128082E-5	4.89127824689014E-6	8.88734417038403E-7	1.525444552476E-6	-6.9284474931726E-7	2.58166777799476E-7	-1.39249803162666E-6
-29	6.53252476535021E-4	5.86098226508401E-4	5.08327369792276E-4	4.29866762208324E-4	3.36183570446105E-4	2.14950625375027E-4	1.41868927512634E-4	8.39356075269092E-5	4.44905506165939E-5	2.83008967095734E-5	9.8343146715252E-6	5.99897215298385E-6	3.11592095693978E-6	4.59722842924231E-7	-1.22265916043858E-7	1.05252578655766E-6	3.67465082819551E-7
-30	6.44241355586952E-4	5.77256227401593E-4	4.93216782477417E-4	4.09624393388556E-4	3.10055918153829E-4	1.89151440582042E-4	1.23620270322038E-4	6.85698006048495E-5	3.80542712437268E-5	2.11796947322551E-5	8.35243370290203E-6	4.52936749158302E-6	1.72392936950142E-6	-1.44186546521874E-6	1.81361952102771E-6	-4.46827525486035E-7	7.73610017570369E-8
-31	6.33019189729435E-4	5.65540305571514E-4	4.75978144586079E-4	3.89173719320642E-4	2.83876796325224E-4	1.66860165012001E-4	1.0306602578405E-4	5.4644739483237E-5	2.96448132745145E-5	1.54827639821187E-5	8.12790947959852E-6	1.19540357452209E-6	-3.31936344916321E-7	7.10482542034857E-7	5.40010644861663E-7	5.16333555598953E-7	-2.26280118955269E-6
-32	6.21244262644556E-4	5.51491027863517E-4	4.56345449796203E-4	3.67107366731399E-4	2.5744375811739E-4	1.45670846934323E-4	8.48170393884355E-5	4.64815337149902E-5	2.20807780753109E-5	1.33235108380804E-5	4.26603558140956E-6	1.9740600034568E-6	2.09869412435523E-6	1.13885902023658E-6	-1.37550694010037E-6	2.40293836704942E-6	4.69000667560004E-7
-33	6.06152768195505E-4	5.35326805124209E-4	4.32986881220162E-4	3.4238030845156E-4	2.26151995680013E-4	1.228285926181E-4	7.18664431638228E-5	3.77901726421285E-5	1.94969025162557E-5	1.09803773260604E-5	3.05358066720489E-6	3.35590642175595E-6	1.73463611269911E-6	-1.82844679045712E-6	8.45677486252237E-7	1.58872068293149E-7	2.09840987200305E-6
-34	5.92830851635392E-4	5.19053376961597E-4	4.12024154819987E-4	3.15356641049313E-4	1.99255731645211E-4	1.02891498963561E-4	5.90139500347371E-5	2.74183174182195E-5	1.5127770882602E-5	5.83476394682686E-6	4.58036346694305E-6	8.99295309983472E-7	-1.00651721509339E-6	3.55241972184268E-7	9.16999156651102E-7	-1.28090788308641E-6	-6.76909089847698E-7
-35	5.76522540524765E-4	4.97356079441578E-4	3.89358273847698E-4	2.88959639855771E-4	1.74457709041458E-4	8.77130262007692E-5	4.542551908669E-5	2.34808374505019E-5	9.11423442271874E-6	5.83476394682686E-6	2.91887517385992E-6	9.87037361527384E-8	3.85475809491709E-7	1.57768148201178E-6	-1.385694968717E-6	1.35041924402957E-6	-8.0262055546607E-7
-36	5.57782450994436E-4	4.75605999300295E-4	3.59510222179795E-4	2.60736904428486E-4	1.4725640222134E-4	7.00803616524384E-5	3.69389429135719E-5	1.84870468735544E-5	9.44310277677286E-6	6.34015747331169E-6	8.98111960942614E-8	1.9740600034568E-6	2.73044945888828E-6	-4.38826668776238E-7	1.05964249744883E-6	1.26104387689641E-6	1.98720627112154E-6
-37	5.36002174713616E-4	4.53040518665012E-4	3.31365325084006E-4	2.32827502105553E-4	1.24247632265536E-4	5.38501884580242E-5	3.04145932535021E-5	1.21485709576031E-5	8.12764512454615E-6	2.1133755471978E-6	1.70642025965525E-6	1.64504754961434E-7	-3.85475809491709E-7	-9.5079064823729E-7	1.95626559686668E-6	-9.83019756444741E-7	-3.57794470889483E-7
-38	5.11402445192559E-4	4.27815885972289E-4	3.03750655355008E-4	2.03768044757146E-4	1.03897435426293E-4	4.3731206616163E-5	2.07995022768056E-5	1.06600043839985E-5	3.71147374549422E-6	1.01074851332179E-6	2.87395827501637E-6	-1.40378156319518E-6	-1.12430145029511E-6	2.57026728321242E-6	-4.27932757434432E-7	6.25556936431377E-7	-1.78896586497491E-6
-39	4.84480376555204E-4	3.97602385524984E-4	2.71242540466507E-4	1.75442031937923E-4	8.26271348425922E-5	3.36626499188577E-5	1.60412058592319E-5	9.45957085836297E-6	2.81883782620009E-6	3.49167668238435E-6	-5.83772021226271E-7	1.00896514662443E-6	1.30632901897643E-6	1.1911001567734E-6	-7.03034145454506E-7	1.93625083349607E-6	4.98011205455706E-7
-40	4.55458557215252E-4	3.6717229432146E-4	2.37882848291949E-4	1.47896726183177E-4	6.32486828492581E-5	2.53971283070587E-5	1.34903278525202E-5	5.13792960547349E-6	4.18127216786603E-6	1.33234800063621E-6	4.49048446607026E-8	2.69788151407102E-6	1.2420842483501E-6	-1.25378867921738E-6	1.66078541657211E-6	-1.19153784678349E-6	1.46018322987563E-6
-41	4.26214149461597E-4	3.31099922913921E-4	2.08779257270347E-4	1.23534464657233E-4	5.16930856827078E-5	2.18907318384519E-5	1.0007338756295E-5	3.45730655746345E-6	2.0671477392134E-6	-3.67544913935195E-7	3.0086788360899E-6	-3.50944654818896E-7	-1.38128771853415E-6	8.35860989256491E-8	1.7321152920947E-7	-3.97180170732871E-7	-8.26795138449487E-7
-42	3.9321170732326E-4	2.96059542756601E-4	1.80048789210561E-4	1.03449287528922E-4	4.22849691369627E-5	1.66309354349635E-5	5.2489435772158E-6	4.70577031382064E-6	-4.228264621295E-7	1.88366382995309E-6	5.38867176565568E-7	6.90920265229981E-7	1.03864031897993E-6	3.23895607461761E-7	-9.27187185267728E-7	2.10505157311532E-6	-3.67465082819551E-7
-43	3.6081767351571E-4	2.66388429245036E-4	1.50625276491556E-4	8.15910651413976E-5	3.00649002563932E-5	1.07199319062977E-5	6.32819284976871E-6	3.5053206760648E-6	2.91279120507855E-6	1.88366382995309E-6	-1.70642025965525E-6	2.06180352696051E-6	2.63407439864172E-6	-1.10751405784775E-6	5.1963185258717E-7	8.6386637157866E-7	1.1168979216175E-6
-44	3.27262470150011E-4	2.33137197939505E-4	1.28491943746585E-4	6.55755423947087E-5	2.47472393279075E-5	7.61416321118809E-6	5.39611468075715E-6	2.40091538763201E-7	2.77184537277111E-6	-9.18862284837988E-7	1.07773284635828E-6	-5.26416982228344E-7	-3.31936344916321E-7	8.77653337552476E-7	1.63022133072223E-6	-1.2213265261769E-6	-9.86351798981344E-7
-45	2.91440574771438E-4	1.97336019999836E-4	1.05559877924504E-4	5.27941774335097E-5	1.91739463689832E-5	6.86277813215961E-6	2.15844916435304E-6	1.96873998385883E-6	-1.2214948149544E-6	-2.75658685451396E-7	1.2573552385468E-6	-1.18443600207408E-6	-1.71322262630373E-7	7.62723678571678E-7	-8.45677486252237E-7	1.39013392933395E-6	-1.11206196670521E-6
-46	2.54069835014183E-4	1.69889602970003E-4	8.3479746443945E-5	3.98564960129882E-5	1.36007906621558E-5	3.70690365174285E-6	2.59994601472616E-6	3.5053206760648E-6	3.2886362485719E-7	1.88366382995309E-6	-1.21244888711324E-6	1.39280810290798E-6	1.85242465934104E-6	-1.65082720669867E-6	-5.29821248724416E-7	1.67809205194196E-6	1.63425684040585E-6
-47	2.22504943047676E-4	1.46185473787743E-4	6.58686997017238E-5	2.98401644128846E-5	9.76594991882282E-6	1.45269967035103E-6	4.31689832870609E-6	2.40091538763201E-7	3.3826053914401E-6	0	-8.08300764848353E-7	8.66395536559023E-7	2.14149235421122E-8	1.67172197851298E-7	1.80343149241108E-6	-8.042903454994E-7	5.46361669317041E-7
-48	1.88838445475125E-4	1.15646723188032E-4	5.43761554223434E-5	2.41016173961215E-5	1.00215991057735E-5	2.40447259300676E-6	4.90556628262055E-7	-5.76217759577242E-7	-2.34903940382828E-7	-1.56207359215416E-6	1.52679786746672E-6	-1.4147476636834E-6	-1.16713129737934E-6	1.33738038747774E-6	3.15854870007201E-7	-2.7802545315923E-7	-1.32964100092298E-6
-49	1.59374417153284E-4	9.31897199398974E-5	3.84145264046258E-5	1.81545900847862E-5	6.44245901892756E-6	1.50279200895292E-6	-9.81113256524111E-8	3.93747996771765E-6	-1.0335738696067E-6	1.83772456967598E-6	2.69433588282784E-7	8.55427964111008E-7	1.38128771853415E-6	-8.35860989256491E-8	-9.98510223187214E-7	1.88660747686559E-6	1.52304026057932E-6
-50	1.2791970645156E-4	7.77306002170522E-5	2.76669783547458E-5	1.24160080587377E-5	4.90854674071132E-6	3.50651412727744E-7	2.84522021379446E-6	1.15243390794245E-6	2.16110111809186E-6	1.56207359215416E-6	-4.9396082513201E-7	1.50248824326751E-6	1.17783947772376E-6	-9.29894474089297E-7	1.04945310131159E-6	-3.0781413255264E-7	1.32964100092298E-6
-51	1.04093471668121E-4	5.99930913460179E-5	2.48469542854462E-5	9.3902780538921E-6	4.19270842943487E-6	1.50279200895292E-6	2.64899756248964E-6	-1.77666739733308E-6	1.87922521746672E-6	-7.35091369456306E-7	1.6615033608117E-6	-7.45758127470052E-7	-7.70950181836679E-7	2.27771243113845E-6	1.09020931833995E-6	-1.12203181667058E-6	-1.18458831144447E-6
-52	8.46347925422213E-5	4.23096391595189E-5	1.7451478654532E-5	7.8252404638981E-6	5.31759230243727E-6	2.05381613776457E-6	-7.35834119380537E-7	1.44054117651904E-6	-1.0335738696067E-6	1.83772456967598E-6	1.6166015296967E-6	-1.30507341116305E-6	1.41341082242069E-6	9.71688224718961E-7	-9.16999156651102E-7	1.31069656247982E-6	-6.28557328091861E-8
-53	6.63921881165176E-5	3.44987212577351E-5	1.0800749314292E-5	4.48645742898265E-6	7.66959570410539E-7	2.50466735523947E-7	0	7.68291957315023E-7	2.16110111809186E-6	3.35384348569387E-6	-5.38867176565568E-7	8.99295309983472E-7	1.48836664768492E-6	-5.01516593553895E-7	1.52832736934977E-6	2.29370965538676E-6	1.9678676430504E-6
-54	4.97525912501637E-5	3.0050784366583E-5	9.63023223336243E-6	1.72155360224329E-6	1.12487529474635E-6	-3.50651412727744E-7	1.61883934230242E-6	-1.68063916013037E-6	2.0671477392134E-6	-1.42423422912001E-6	1.57169969858172E-6	-4.82548164396083E-7	-8.56611313151866E-7	1.06572170955177E-6	1.80343149241108E-6	-5.36192230958706E-7	2.51422931236744E-7
-55	4.10734980192014E-5	1.68696533720412E-5	9.41740932294131E-6	4.06912924234126E-6	1.994101402542E-6	2.35438361608117E-6	-4.90556628262055E-7	2.88108879788621E-7	-3.2886362485719E-7	-1.19451942870347E-6	2.37999292956579E-6	-1.06380006494491E-6	-1.00651721509339E-6	6.47791214923522E-7	-1.12077613923107E-6	9.93000403365699E-9	-8.60640333362972E-7
-56	2.75850111295003E-5	1.2096229716733E-5	4.20325694401047E-6	3.33876553027275E-6	1.27826652256797E-6	-4.50839451607844E-7	-5.39611468075715E-7	3.31324808953906E-6	3.2886362485719E-7	1.97555776636646E-6	-7.6339592018765E-7	2.32500465827569E-6	1.89525163213179E-6	-7.000351561277E-7	-1.4264470831835E-6	9.23443730365481E-7	1.71645249918067E-6
-57	2.09513199301222E-5	1.34523062615083E-5	2.81989909988654E-6	1.35637174620903E-6	6.13568342588916E-7	-3.00559074125846E-7	3.13956242087716E-6	3.36126220814041E-7	2.58393861501418E-6	8.72919941389047E-7	-8.98111960942614E-7	1.50248824326751E-6	6.31749585946105E-7	-1.04487882408357E-8	1.46719919765001E-6	-1.00287843180449E-6	9.47671947050077E-7
-58	1.45941391876664E-5	6.29219807990181E-6	6.49108984145756E-6	2.39972897256219E-6	1.84070502776675E-6	3.00559074125846E-6	2.50184291919921E-6	-1.00838027365416E-6	4.69798422371809E-8	-9.18862284837988E-7	1.97584631407375E-6	-1.73279107311805E-6	-1.32774537966528E-6	1.6926167503273E-6	8.6605491100611E-7	-2.18449427079969E-7	-1.75995792286821E-6
-59	1.11114281216998E-5	1.13910720975584E-6	3.08592327471962E-6	2.45191031245472E-6	1.27826652256797E-6	1.35251331230908E-6	4.90548398136592E-8	1.63262504152902E-6	-1.08055371184388E-6	1.33234800063621E-6	1.52679786746672E-6	-9.97997574176413E-7	9.63687368009164E-7	-3.44793183943432E-7	-1.04945310131159E-6	1.80716477918121E-6	-1.3538207754844E-7
