Vbg	-Seebeck	Independent Variable	Fit of lower n2D	Independent Variable	Fit of higher n2D
V	\g(m)V/K	V	\g(m)V/K	V	\g(m)V/K
Vbg	M1	Vbg	Fit Curve of M1 at lower n2D	Vbg	Fit Curve of M1 at higher n2D
60	1.70089842897665E-4	70	4.76478672836993E-4	70	1.60292087229475E-4
59	1.72216569727798E-4	67.4774774774775	4.73808326541846E-4	60	1.68523310616488E-4
58	1.7207330589952E-4	67.3373373373373	4.7365791232917E-4	59.4894894894895	1.68970927021631E-4
57	1.70232832274165E-4	67.1971971971972	4.73507276853966E-4	59.3493493493494	1.69094300729421E-4
56	1.72645812309077E-4	67.0570570570571	4.7335641946431E-4	59.2092092092092	1.69217890356935E-4
55	1.74690752509273E-4	66.9169169169169	4.73205339505394E-4	59.0690690690691	1.69341696509428E-4
54	1.75488034925267E-4	66.7767767767768	4.73054036319508E-4	59	1.69402795097444E-4
53	1.75774562581824E-4	66.6366366366366	4.7290250924602E-4	58.9289289289289	1.69465719794491E-4
52	1.77144351407375E-4	66.4964964964965	4.72750757621363E-4	58.7887887887888	1.69589960822061E-4
51	1.78248745363299E-4	66.3563563563564	4.72598780779015E-4	58.6486486486486	1.69714420204431E-4
50	1.78371425308204E-4	66.2162162162162	4.72446578049481E-4	58.5085085085085	1.69839098556269E-4
49	1.80579664316496E-4	66.0760760760761	4.72294148760279E-4	58.3683683683684	1.69963996494621E-4
48	1.81070658547894E-4	65.9359359359359	4.72141492235916E-4	58.2282282282282	1.70089114638926E-4
47	1.80784130891338E-4	65.7957957957958	4.71988607797875E-4	58.0880880880881	1.70214453611031E-4
46	1.82338351311914E-4	65.6556556556557	4.71835494764597E-4	58	1.70293351415423E-4
45	1.83197110926249E-4	65.5155155155155	4.71682152451459E-4	57.947947947948	1.70340014035199E-4
44	1.83749307904211E-4	65.3753753753754	4.71528580170759E-4	57.8078078078078	1.7046579653812E-4
43	1.85160264496509E-4	65.2352352352353	4.71374777231695E-4	57.6676676676677	1.70591801748928E-4
42	1.86775687663648E-4	65.0950950950951	4.71220742940349E-4	57.5275275275275	1.70718030299209E-4
41	1.89065713301877E-4	64.954954954955	4.71066476599667E-4	57.3873873873874	1.70844482823015E-4
40	1.88166060372573E-4	64.8148148148148	4.70911977509439E-4	57.2472472472473	1.70971159956874E-4
39	1.89004510555313E-4	64.6746746746747	4.7075724496628E-4	57.1071071071071	1.71098062339806E-4
38	1.90476669894174E-4	64.5345345345345	4.70602278263615E-4	57	1.71195204281628E-4
37	1.91724053226598E-4	64.3943943943944	4.70447076691653E-4	56.966966966967	1.71225190613333E-4
36	1.92439823464434E-4	64.2542542542542	4.70291639537373E-4	56.8268268268268	1.71352545421492E-4
35	1.9227625020456E-4	64.1141141141141	4.701359660845E-4	56.6866866866867	1.71480127410846E-4
34	1.9452538252782E-4	63.973973973974	4.69980055613489E-4	56.5465465465466	1.716079372305E-4
33	1.95936339120118E-4	63.8338338338338	4.69823907401503E-4	56.4064064064064	1.71735975532112E-4
32	1.98022172635283E-4	63.6936936936937	4.69667520722393E-4	56.2662662662663	1.71864242969903E-4
31	1.9624317620827E-4	63.5535535535536	4.69510894846679E-4	56.1261261261261	1.71992740200675E-4
30	1.96652109357953E-4	63.4134134134134	4.69354029041527E-4	56	1.72108584726303E-4
29	1.98799145619681E-4	63.2732732732733	4.69196922570732E-4	55.985985985986	1.72121467883821E-4
28	2.00864395251473E-4	63.1331331331331	4.69039574694692E-4	55.8458458458459	1.72250426681339E-4
27	2.03175004773074E-4	62.992992992993	4.68881984670395E-4	55.7057057057057	1.72379617257842E-4
26	2.04217921530657E-4	62.8528528528529	4.68724151751389E-4	55.5655655655656	1.72509040280577E-4
25	2.05894821896138E-4	62.7127127127127	4.68566075187768E-4	55.4254254254254	1.72638696419433E-4
24	2.07878284897993E-4	62.5725725725726	4.68407754226147E-4	55.2852852852853	1.72768586346958E-4
23	2.08246324732708E-4	62.4324324324324	4.68249188109641E-4	55.1451451451452	1.72898710738369E-4
22	2.0943223086679E-4	62.2922922922923	4.68090376077843E-4	55.005005005005	1.73029070271568E-4
21	2.1413523653993E-4	62.1521521521522	4.67931317366804E-4	55	1.7303373032664E-4
20	2.14953377291076E-4	62.012012012012	4.67772011209008E-4	54.8648648648649	1.73159665627157E-4
19	2.16527907143247E-4	61.8718718718719	4.67612456833353E-4	54.7247247247247	1.73290497488445E-4
18	2.1634375E-4	61.7317317317317	4.67452653465125E-4	54.5845845845846	1.73421566541471E-4
17	2.19226865931159E-4	61.5915915915916	4.6729260032598E-4	54.4444444444444	1.73552873475011E-4
16	2.2174221647938E-4	61.4514514514514	4.67132296633916E-4	54.3043043043043	1.73684418980595E-4
15	2.2399134880264E-4	61.3113113113113	4.66971741603254E-4	54.1641641641642	1.73816203752519E-4
14	2.2360299953633E-4	61.1711711711712	4.66810934444613E-4	54.024024024024	1.73948228487861E-4
13	2.27181301821951E-4	61.031031031031	4.66649874364889E-4	54	1.73970885444742E-4
12	2.2820363469616E-4	60.8908908908909	4.66488560567229E-4	53.8838838838839	1.74080493886496E-4
11	2.29716961801767E-4	60.7507507507508	4.66326992251006E-4	53.7437437437438	1.74213000651105E-4
10	2.31823104748527E-4	60.6106106106106	4.661651686118E-4	53.6036036036036	1.74345749487198E-4
9	2.34849484507964E-4	60.4704704704705	4.66003088841372E-4	53.4634634634635	1.74478741103119E-4
8	2.37078307399629E-4	60.3303303303303	4.65840752127636E-4	53.3233233233233	1.74611976210069E-4
7	2.39327714174667E-4	60.1901901901902	4.65678157654641E-4	53.1831831831832	1.74745455522113E-4
6	2.41863099702706E-4	60.0500500500501	4.6551530460254E-4	53.043043043043	1.74879179756203E-4
5	2.44296663620991E-4	59.9099099099099	4.6535219214757E-4	53	1.74920301476182E-4
4	2.47097992922213E-4	59.7697697697698	4.65188819462026E-4	52.9029029029029	1.75013149632184E-4
3	2.49224445300567E-4	59.6296296296296	4.65025185714233E-4	52.7627627627628	1.75147365872816E-4
2	2.5286422478453E-4	59.4894894894895	4.64861290068525E-4	52.6226226226226	1.75281829203786E-4
1	2.53948034857081E-4	59.3493493493494	4.64697131685215E-4	52.4824824824825	1.75416540353723E-4
0	2.56033868372245E-4	59.2092092092092	4.64532709720573E-4	52.3423423423423	1.75551500054213E-4
-1	2.58814888241872E-4	59.0690690690691	4.64368023326797E-4	52.2022022022022	1.75686709039815E-4
-2	2.60184951519201E-4	58.9289289289289	4.64203071651989E-4	52.0620620620621	1.75822168048078E-4
-3	2.66176233839734E-4	58.7887887887888	4.64037853840126E-4	52	1.7588223710969E-4
-4	2.66809942995854E-4	58.6486486486486	4.63872369031037E-4	51.9219219219219	1.75957877819553E-4
-5	2.68752512682741E-4	58.5085085085085	4.63706616360372E-4	51.7817817817818	1.76093839097811E-4
-6	2.71288172662557E-4	58.3683683683684	4.63540594959579E-4	51.6416416416416	1.76230052629458E-4
-7	2.73455792807659E-4	58.2282282282282	4.63374303955873E-4	51.5015015015015	1.7636651916415E-4
-8	2.75848737862754E-4	58.0880880880881	4.6320774247221E-4	51.3613613613614	1.76503239454612E-4
-9	2.78137665693869E-4	57.947947947948	4.63040909627263E-4	51.2212212212212	1.76640214256649E-4
-10	2.79957280984072E-4	57.8078078078078	4.62873804535384E-4	51.0810810810811	1.76777444329168E-4
-11	2.80632432358717E-4	57.6676676676677	4.62706426306588E-4	51	1.76856958598586E-4
-12	2.80797103425704E-4	57.5275275275275	4.62538774046516E-4	50.9409409409409	1.76914930434187E-4
-13	2.80407381900502E-4	57.3873873873874	4.62370846856409E-4	50.8008008008008	1.77052673336857E-4
-14	2.79161370826969E-4	57.2472472472473	4.6220264383308E-4	50.6606606606607	1.77190673805479E-4
-15	2.76952034011565E-4	57.1071071071071	4.62034164068883E-4	50.5205205205205	1.77328932611516E-4
-16	2.72903595829697E-4	56.966966966967	4.61865406651687E-4	50.3803803803804	1.7746745052961E-4
-17	2.62843016992145E-4	56.8268268268268	4.61696370664841E-4	50.2402402402402	1.77606228337604E-4
-18	2.55011535498036E-4	56.6866866866867	4.61527055187149E-4	50.1001001001001	1.77745266816553E-4
-19	2.44950956660484E-4	56.5465465465466	4.61357459292837E-4	50	1.77844740044581E-4
-20	2.28387791839407E-4	56.4064064064064	4.61187582051524E-4	49.95995995996	1.77884566750744E-4
-21	2.08573471252455E-4	56.2662662662663	4.61017422528191E-4	49.8198198198198	1.78024128927713E-4
-22	1.88247847002509E-4	56.1261261261261	4.60846979783151E-4	49.6796796796797	1.7816395413826E-4
-23	1.59047001145538E-4	55.985985985986	4.60676252872016E-4	49.5395395395395	1.78304043176468E-4
-24	1.22874256764128E-4	55.8458458458459	4.60505240845666E-4	49.3993993993994	1.78444396839721E-4
-25	9.2917570709688E-5	55.7057057057057	4.6033394275022E-4	49.2592592592593	1.78585015928719E-4
-26	6.17335363026402E-5	55.5655655655656	4.60162357626999E-4	49.1191191191191	1.78725901247498E-4
-27	2.77484470461488E-5	55.4254254254254	4.599904845125E-4	49	1.78845863694601E-4
-28	1.14715354298494E-5	55.2852852852853	4.59818322438359E-4	48.978978978979	1.78867053603447E-4
-29	1.16760294498691E-5	55.1451451451452	4.59645870431318E-4	48.8388388388388	1.79008473807325E-4
-30	1.34959466370281E-6	55.005005005005	4.59473127513196E-4	48.6986986986987	1.7915016267328E-4
-31	-4.53954219397774E-6	54.8648648648649	4.59300092700853E-4	48.5585585585586	1.79292121018865E-4
-32	3.3944195941523E-6	54.7247247247247	4.59126765006156E-4	48.4184184184184	1.7943434966506E-4
-33	5.35749082887846E-6	54.5845845845846	4.58953143435945E-4	48.2782782782783	1.79576849436287E-4
-34	-4.2328148865372E-6	54.4444444444444	4.58779226992002E-4	48.1381381381381	1.79719621160429E-4
-35	9.40625835288021E-7	54.3043043043043	4.58605014671013E-4	48	1.79860620251362E-4
-36	5.09162939122845E-6	54.1641641641642	4.58430505464534E-4	47.997997997998	1.7986266566885E-4
-37	-2.53559411138992E-6	54.024024024024	4.58255698358958E-4	47.8578578578579	1.80005983796411E-4
-38	-3.41486625163648E-6	53.8838838838839	4.58080592335478E-4	47.7177177177177	1.80149576381492E-4
-39	4.47817477634737E-6	53.7437437437438	4.57905186370049E-4	47.5775775775776	1.80293444266008E-4
-40	8.58830971797949E-7	53.6036036036036	4.57729479433359E-4	47.4374374374374	1.80437588295429E-4
-41	-2.0652825660048E-6	53.4634634634635	4.57553470490785E-4	47.2972972972973	1.805820093188E-4
-42	2.2084201464652E-6	53.3233233233233	4.57377158502361E-4	47.1571571571572	1.80726708188761E-4
-43	4.19192157156884E-6	53.1831831831832	4.57200542422741E-4	47.017017017017	1.80871685761561E-4
-44	-3.82385429167576E-6	53.043043043043	4.57023621201159E-4	47	1.80889309198444E-4
-45	-1.22690099620882E-6	52.9029029029029	4.56846393781395E-4	46.8768768768769	1.81016942897086E-4
-46	5.86868471116081E-6	52.7627627627628	4.56668859101734E-4	46.7367367367367	1.81162480458872E-4
-47	-9.40625835288021E-7	52.6226226226226	4.5649101609493E-4	46.5965965965966	1.81308299314125E-4
-48	-4.21236822905302E-6	52.4824824824825	4.56312863688167E-4	46.4564564564565	1.81454400333747E-4
-49	3.5375736417194E-6	52.3423423423423	4.56134400803019E-4	46.3163163163163	1.81600784392348E-4
-50	3.51712698423522E-6	52.2022022022022	4.55955626355414E-4	46.1761761761762	1.81747452368271E-4
-51	-3.76248687404539E-6	52.0620620620621	4.55776539255591E-4	46.036036036036	1.81894405143614E-4
-52	-4.70311545385119E-7	51.9219219219219	4.5559713840806E-4	46	1.8193223914066E-4
-53	4.41683480389483E-6	51.7817817817818	4.55417422711565E-4	45.8958958958959	1.82041643604243E-4
-54	-2.37200712892756E-6	51.6416416416416	4.55237391059041E-4	45.7557557557558	1.8218916863982E-4
-55	-3.43531290912066E-6	51.5015015015015	4.55057042337576E-4	45.6156156156156	1.82336981143821E-4
-56	2.88322571186995E-6	51.3613613613614	4.54876375428363E-4	45.4754754754755	1.82485082013557E-4
-57	6.74797331851407E-7	51.2212212212212	4.54695389206667E-4	45.3353353353353	1.82633472150192E-4
-58	-5.05073607626009E-6	51.0810810810811	4.54514082541776E-4	45.1951951951952	1.8278215245877E-4
-59	3.10816638937377E-6	50.9409409409409	4.54332454296964E-4	45.0550550550551	1.82931123848232E-4
-60	2.45379924789985E-6	50.8008008008008	4.54150503329443E-4	45	1.82989728160582E-4
	--	50.6606606606607	4.53968228490325E-4	44.9149149149149	1.83080387231439E-4
	--	50.5205205205205	4.53785628624573E-4	44.7747747747748	1.83229943525191E-4
--	--	50.3803803803804	4.53602702570965E-4	44.6346346346346	1.83379793650252E-4
--	--	50.2402402402402	4.53419449162039E-4	44.4944944944945	1.83529938531372E-4
--	--	50.1001001001001	4.53235867224057E-4	44.3543543543544	1.83680379097306E-4
--	--	49.95995995996	4.53051955576959E-4	44.2142142142142	1.83831116280837E-4
--	--	49.8198198198198	4.52867713034311E-4	44.0740740740741	1.83982151018799E-4
--	--	49.6796796796797	4.52683138403266E-4	44	1.84062104192138E-4
--	--	49.5395395395395	4.52498230484517E-4	43.9339339339339	1.84133484252102E-4
--	--	49.3993993993994	4.52312988072244E-4	43.7937937937938	1.84285116925748E-4
--	--	49.2592592592593	4.52127409954075E-4	43.6536536536537	1.8443704998886E-4
--	--	49.1191191191191	4.51941494911033E-4	43.5135135135135	1.84589284394702E-4
--	--	48.978978978979	4.5175524171749E-4	43.3733733733734	1.84741821100702E-4
--	--	48.8388388388388	4.51568649141118E-4	43.2332332332332	1.84894661068476E-4
--	--	48.6986986986987	4.5138171594284E-4	43.0930930930931	1.85047805263852E-4
--	--	48.5585585585586	4.51194440876782E-4	43	1.85149705412234E-4
--	--	48.4184184184184	4.5100682269022E-4	42.952952952953	1.8520125465689E-4
--	--	48.2782782782783	4.50818860123534E-4	42.8128128128128	1.8535501022191E-4
--	--	48.1381381381381	4.50630551910153E-4	42.6726726726727	1.85509072937515E-4
--	--	47.997997997998	4.50441896776507E-4	42.5325325325325	1.85663443786611E-4
--	--	47.8578578578579	4.50252893441975E-4	42.3923923923924	1.85818123756437E-4
--	--	47.7177177177177	4.50063540618828E-4	42.2522522522523	1.85973113838584E-4
--	--	47.5775775775776	4.49873837012185E-4	42.1121121121121	1.86128415029024E-4
--	--	47.4374374374374	4.49683781319953E-4	42	1.8625288065145E-4
--	--	47.2972972972973	4.49493372232776E-4	41.971971971972	1.86284028328131E-4
--	--	47.1571571571572	4.49302608433979E-4	41.8318318318318	1.86439954740708E-4
--	--	47.017017017017	4.49111488599517E-4	41.6916916916917	1.86596195276011E-4
--	--	46.8768768768769	4.48920011397917E-4	41.5515515515516	1.86752750947775E-4
--	--	46.7367367367367	4.48728175490221E-4	41.4114114114114	1.86909622774238E-4
--	--	46.5965965965966	4.48535979529935E-4	41.2712712712713	1.87066811778169E-4
--	--	46.4564564564565	4.48343422162967E-4	41.1311311311311	1.87224318986888E-4
--	--	46.3163163163163	4.48150502027572E-4	41	1.87371989824902E-4
--	--	46.1761761761762	4.47957217754296E-4	40.990990990991	1.87382145432301E-4
--	--	46.036036036036	4.47763567965913E-4	40.8508508508509	1.87540292150918E-4
--	--	45.8958958958959	4.4756955127737E-4	40.7107107107107	1.87698760183881E-4
--	--	45.7557557557558	4.47375166295728E-4	40.5705705705706	1.87857550576994E-4
--	--	45.6156156156156	4.47180411620098E-4	40.4304304304304	1.88016664380746E-4
--	--	45.4754754754755	4.46985285841584E-4	40.2902902902903	1.88176102650337E-4
--	--	45.3353353353353	4.46789787543221E-4	40.1501501501502	1.8833586644571E-4
--	--	45.1951951951952	4.46593915299913E-4	40.01001001001	1.88495956831572E-4
--	--	45.0550550550551	4.46397667678369E-4	40	1.88507404384447E-4
--	--	44.9149149149149	4.46201043237045E-4	39.8698698698699	1.88656374877426E-4
--	--	44.7747747747748	4.46004040526073E-4	39.7297297297297	1.88817121657595E-4
--	--	44.6346346346346	4.45806658087204E-4	39.5895895895896	1.88978198251253E-4
--	--	44.4944944944945	4.45608894453741E-4	39.4494494494495	1.8913960574245E-4
--	--	44.3543543543544	4.45410748150469E-4	39.3093093093093	1.89301345220143E-4
--	--	44.2142142142142	4.45212217693596E-4	39.1691691691692	1.8946341777822E-4
--	--	44.0740740740741	4.45013301590683E-4	39.029029029029	1.89625824515533E-4
--	--	43.9339339339339	4.44813998340576E-4	39	1.89659507793492E-4
--	--	43.7937937937938	4.44614306433339E-4	38.8888888888889	1.89788566535924E-4
--	--	43.6536536536537	4.44414224350185E-4	38.7487487487488	1.89951644948256E-4
--	--	43.5135135135135	4.44213750563407E-4	38.6086086086086	1.9011506086644E-4
--	--	43.3733733733734	4.4401288353631E-4	38.4684684684685	1.90278815409463E-4
--	--	43.2332332332332	4.43811621723134E-4	38.3283283283283	1.90442909701424E-4
--	--	43.0930930930931	4.43609963568992E-4	38.1881881881882	1.90607344871554E-4
--	--	42.952952952953	4.43407907509788E-4	38.0480480480481	1.90772122054256E-4
--	--	42.8128128128128	4.43205451972153E-4	38	1.90828696025736E-4
--	--	42.6726726726727	4.43002595373365E-4	37.9079079079079	1.90937242389127E-4
--	--	42.5325325325325	4.42799336121279E-4	37.7677677677678	1.91102707020993E-4
--	--	42.3923923923924	4.42595672614248E-4	37.6276276276276	1.91268517099939E-4
--	--	42.2522522522523	4.42391603241052E-4	37.4874874874875	1.91434673781337E-4
--	--	42.1121121121121	4.42187126380818E-4	37.3473473473474	1.9160117822588E-4
--	--	41.971971971972	4.41982240402943E-4	37.2072072072072	1.91768031599612E-4
--	--	41.8318318318318	4.4177694366702E-4	37.0670670670671	1.91935235073961E-4
--	--	41.6916916916917	4.41571234522752E-4	37	1.9201537808929E-4
--	--	41.5515515515516	4.41365111309878E-4	36.9269269269269	1.92102789825768E-4
--	--	41.4114114114114	4.41158572358093E-4	36.7867867867868	1.9227069703732E-4
--	--	41.2712712712713	4.40951615986962E-4	36.6466466466466	1.92438957896382E-4
--	--	41.1311311311311	4.40744240505843E-4	36.5065065065065	1.92607573596231E-4
--	--	40.990990990991	4.40536444213799E-4	36.3663663663664	1.92776545335688E-4
--	--	40.8508508508509	4.4032822539952E-4	36.2262262262262	1.92945874319146E-4
--	--	40.7107107107107	4.40119582341236E-4	36.0860860860861	1.93115561756612E-4
--	--	40.5705705705706	4.39910513306628E-4	36	1.93219976577696E-4
--	--	40.4304304304304	4.39701016552748E-4	35.945945945946	1.93285608863732E-4
--	--	40.2902902902903	4.39491090325927E-4	35.8058058058058	1.93456016861829E-4
--	--	40.1501501501502	4.3928073286169E-4	35.6656656656657	1.93626786977937E-4
--	--	40.01001001001	4.39069942384664E-4	35.5255255255255	1.93797920444831E-4
--	--	39.8698698698699	4.38858717108491E-4	35.3853853853854	1.93969418501067E-4
--	--	39.7297297297297	4.38647055235737E-4	35.2452452452452	1.94141282391011E-4
--	--	39.5895895895896	4.38434954957795E-4	35.1051051051051	1.94313513364878E-4
--	--	39.4494494494495	4.38222414454802E-4	35	1.94442928249501E-4
--	--	39.3093093093093	4.38009431895536E-4	34.964964964965	1.94486112678764E-4
--	--	39.1691691691692	4.37796005437326E-4	34.8248248248248	1.94659081594683E-4
--	--	39.029029029029	4.37582133225955E-4	34.6846846846847	1.94832421380602E-4
--	--	38.8888888888889	4.37367813395566E-4	34.5445445445446	1.95006133310477E-4
--	--	38.7487487487488	4.37153044068558E-4	34.4044044044044	1.9518021866429E-4
--	--	38.6086086086086	4.36937823355495E-4	34.2642642642643	1.95354678728082E-4
--	--	38.4684684684685	4.36722149355002E-4	34.1241241241241	1.95529514793993E-4
--	--	38.3283283283283	4.36506020153664E-4	34	1.95684684638113E-4
--	--	38.1881881881882	4.36289433825924E-4	33.983983983984	1.95704728160298E-4
--	--	38.0480480480481	4.36072388433985E-4	33.8438438438438	1.95880320131442E-4
--	--	37.9079079079079	4.35854882027697E-4	33.7037037037037	1.96056292018082E-4
--	--	37.7677677677678	4.35636912644461E-4	33.5635635635636	1.96232645137119E-4
--	--	37.6276276276276	4.35418478309117E-4	33.4234234234234	1.96409380811741E-4
--	--	37.4874874874875	4.35199577033838E-4	33.2832832832833	1.96586500371457E-4
--	--	37.3473473473474	4.34980206818022E-4	33.1431431431431	1.96764005152138E-4
--	--	37.2072072072072	4.34760365648182E-4	33.003003003003	1.96941896496057E-4
--	--	37.0670670670671	4.34540051497837E-4	33	1.96945712693861E-4
--	--	36.9269269269269	4.34319262327394E-4	32.8628628628629	1.97120175751924E-4
--	--	36.7867867867868	4.34097996084043E-4	32.7227227227227	1.97298844274929E-4
--	--	36.6466466466466	4.33876250701636E-4	32.5825825825826	1.9747790342678E-4
--	--	36.5065065065065	4.33654024100574E-4	32.4424424424424	1.97657354575744E-4
--	--	36.3663663663664	4.33431314187689E-4	32.3023023023023	1.97837199096685E-4
--	--	36.2262262262262	4.33208118856127E-4	32.1621621621622	1.98017438371107E-4
--	--	36.0860860860861	4.32984435985227E-4	32.022022022022	1.98198073787195E-4
--	--	35.945945945946	4.32760263440401E-4	32	1.98226495460232E-4
--	--	35.8058058058058	4.32535599073012E-4	31.8818818818819	1.98379106739854E-4
--	--	35.6656656656657	4.32310440720248E-4	31.7417417417417	1.98560538630752E-4
--	--	35.5255255255255	4.32084786205001E-4	31.6016016016016	1.9874237086836E-4
--	--	35.3853853853854	4.31858633335738E-4	31.4614614614615	1.98924604867999E-4
--	--	35.2452452452452	4.31631979906374E-4	31.3213213213213	1.99107242051875E-4
--	--	35.1051051051051	4.31404823696142E-4	31.1811811811812	1.99290283849128E-4
--	--	34.964964964965	4.31177162469465E-4	31.041041041041	1.99473731695871E-4
--	--	34.8248248248248	4.30948993975821E-4	31	1.99527532786482E-4
--	--	34.6846846846847	4.3072031594961E-4	30.9009009009009	1.99657587035239E-4
--	--	34.5445445445446	4.30491126110023E-4	30.7607607607608	1.99841851317423E-4
--	--	34.4044044044044	4.30261422160898E-4	30.6206206206206	2.00026525999724E-4
--	--	34.2642642642643	4.3003120179059E-4	30.4804804804805	2.00211612546592E-4
--	--	34.1241241241241	4.29800462671825E-4	30.3403403403403	2.00397112429672E-4
--	--	33.983983983984	4.29569202461564E-4	30.2002002002002	2.00583027127848E-4
--	--	33.8438438438438	4.29337418800856E-4	30.0600600600601	2.00769358127292E-4
		33.7037037037037	4.29105109314696E-4	30	2.00849342078923E-4
		33.5635635635636	4.28872271611878E-4	29.9199199199199	2.00956106921504E-4
		33.4234234234234	4.28638903284848E-4	29.7797797797798	2.01143275011363E-4
		33.2832832832833	4.28405001909554E-4	29.6396396396396	2.01330863905171E-4
		33.1431431431431	4.28170565045297E-4	29.4994994994995	2.015188751187E-4
		33.003003003003	4.27935590234574E-4	29.3593593593594	2.01707310175242E-4
		32.8628628628629	4.27700075002927E-4	29.2192192192192	2.0189617060565E-4
		32.7227227227227	4.27464016858786E-4	29.0790790790791	2.02085457948394E-4
		32.5825825825826	4.27227413293309E-4	29	2.02192459093393E-4
		32.4424424424424	4.26990261780226E-4	28.9389389389389	2.02275173749603E-4
		32.3023023023023	4.26752559775671E-4	28.7987987987988	2.02465319563116E-4
		32.1621621621622	4.26514304718024E-4	28.6586586586587	2.02655896950532E-4
		32.022022022022	4.26275494027744E-4	28.5185185185185	2.02846907481256E-4
		31.8818818818819	4.26036125107198E-4	28.3783783783784	2.03038352732553E-4
		31.7417417417417	4.25796195340496E-4	28.2382382382382	2.03230234289596E-4
		31.6016016016016	4.25555702093318E-4	28.0980980980981	2.03422553745516E-4
		31.4614614614615	4.25314642712738E-4	28	2.03557438771579E-4
		31.3213213213213	4.25073014527051E-4	27.957957957958	2.03615312701454E-4
		31.1811811811812	4.24830814845597E-4	27.8178178178178	2.0380851276661E-4
		31.041041041041	4.24588040958576E-4	27.6776776776777	2.040021555583E-4
		30.9009009009009	4.2434469013687E-4	27.5375375375375	2.04196242702003E-4
		30.7607607607608	4.24100759631858E-4	27.3973973973974	2.04390775831415E-4
		30.6206206206206	4.23856246675232E-4	27.2572572572573	2.04585756588502E-4
		30.4804804804805	4.23611148478802E-4	27.1171171171171	2.04781186623555E-4
		30.3403403403403	4.23365462234312E-4	27	2.04944856124088E-4
		30.2002002002002	4.23119185113244E-4	26.976976976977	2.04977067595241E-4
		30.0600600600601	4.22872314266623E-4	26.8368368368368	2.05173401170659E-4
		29.9199199199199	4.2262484682482E-4	26.6966966966967	2.05370189025394E-4
		29.7797797797798	4.22376779897349E-4	26.5565565565566	2.05567432843573E-4
		29.6396396396396	4.22128110572668E-4	26.4164164164164	2.05765134317919E-4
		29.4994994994995	4.21878835917973E-4	26.2762762762763	2.05963295149808E-4
		29.3593593593594	4.21628952978988E-4	26.1361361361361	2.06161917049325E-4
		29.2192192192192	4.21378458779758E-4	26	2.06355307163357E-4
		29.0790790790791	4.21127350322437E-4	25.995995995996	2.0636100173532E-4
		28.9389389389389	4.20875624587068E-4	25.8558558558559	2.06560550935468E-4
		28.7987987987988	4.20623278531368E-4	25.7157157157157	2.06760566386323E-4
		28.6586586586587	4.20370309090511E-4	25.5755755755756	2.06961049833379E-4
		28.5185185185185	4.20116713176896E-4	25.4354354354354	2.07162003031127E-4
		28.3783783783784	4.19862487679931E-4	25.2952952952953	2.07363427743116E-4
		28.2382382382382	4.19607629465795E-4	25.1551551551552	2.07565325742009E-4
		28.0980980980981	4.19352135377212E-4	25.015015015015	2.07767698809649E-4
		27.957957957958	4.19096002233215E-4	25	2.07789409889762E-4
		27.8178178178178	4.18839226828907E-4	24.8748748748749	2.07970548737112E-4
		27.6776776776777	4.18581805935221E-4	24.7347347347347	2.08173877324775E-4
		27.5375375375375	4.18323736298678E-4	24.5945945945946	2.08377686382374E-4
		27.3973973973974	4.18065014641137E-4	24.4544544544545	2.08581977729064E-4
		27.2572572572573	4.17805637659549E-4	24.3143143143143	2.08786753193488E-4
		27.1171171171171	4.17545602025701E-4	24.1741741741742	2.08992014613834E-4
		26.976976976977	4.17284904385961E-4	24.034034034034	2.091977638379E-4
		26.8368368368368	4.17023541361018E-4	24	2.09247805334513E-4
		26.6966966966967	4.1676150954562E-4	23.8938938938939	2.09404002723159E-4
		26.5565565565566	4.16498805508307E-4	23.7537537537538	2.09610733136825E-4
		26.4164164164164	4.16235425791141E-4	23.6136136136136	2.09817956955913E-4
		26.2762762762763	4.15971366909436E-4	23.4734734734735	2.10025676067311E-4
		26.1361361361361	4.15706625351475E-4	23.3333333333333	2.10233892367842E-4
		25.995995995996	4.15441197578236E-4	23.1931931931932	2.10442607764331E-4
		25.8558558558559	4.15175080023107E-4	23.0530530530531	2.10651824173674E-4
		25.7157157157157	4.14908269091594E-4	23	2.10731158663235E-4
		25.5755755755756	4.14640761161036E-4	22.9129129129129	2.10861543522903E-4
		25.4354354354354	4.14372552580305E-4	22.7727727727728	2.11071767749259E-4
		25.2952952952953	4.1410363966951E-4	22.6326326326326	2.11282498800256E-4
		25.1551551551552	4.13834018719691E-4	22.4924924924925	2.11493738633751E-4
		25.015015015015	4.13563685992515E-4	22.3523523523524	2.1170548921802E-4
		24.8748748748749	4.13292637719965E-4	22.2122122122122	2.11917752531819E-4
		24.7347347347347	4.13020870104023E-4	22.0720720720721	2.12130530564464E-4
		24.5945945945946	4.1274837931635E-4	22	2.12240160344429E-4
		24.4544544544545	4.12475161497966E-4	21.9319319319319	2.12343825315897E-4
		24.3143143143143	4.12201212758918E-4	21.7917917917918	2.12557638796761E-4
		24.1741741741742	4.11926529177953E-4	21.6516516516517	2.12771973028473E-4
		24.034034034034	4.11651106802174E-4	21.5115115115115	2.12986830043296E-4
		23.8938938938939	4.11374941646704E-4	21.3713713713714	2.13202211884414E-4
		23.7537537537538	4.1109802969434E-4	21.2312312312312	2.13418120606009E-4
		23.6136136136136	4.10820366895198E-4	21.0910910910911	2.13634558273333E-4
		23.4734734734735	4.10541949166365E-4	21	2.1377552738734E-4
		23.3333333333333	4.10262772391531E-4	20.950950950951	2.13851526962784E-4
		23.1931931931932	4.09982832420627E-4	20.8108108108108	2.14069028761986E-4
		23.0530530530531	4.09702125069457E-4	20.6706706706707	2.14287065769864E-4
		22.9129129129129	4.0942064611932E-4	20.5305305305305	2.14505640096723E-4
		22.7727727727728	4.0913839131663E-4	20.3903903903904	2.14724753864326E-4
		22.6326326326326	4.08855356372532E-4	20.2502502502503	2.14944409205972E-4
		22.4924924924925	4.08571536962509E-4	20.1101101101101	2.15164608266578E-4
		22.3523523523524	4.08286928725984E-4	20	2.15338004654148E-4
		22.2122122122122	4.08001527265924E-4	19.96996996997	2.15385353202761E-4
		22.0720720720721	4.07715328148427E-4	19.8298298298298	2.15606646182914E-4
		21.9319319319319	4.0742832690231E-4	19.6896896896897	2.15828489387293E-4
		21.7917917917918	4.07140519018689E-4	19.5495495495496	2.16050885008099E-4
		21.6516516516517	4.06851899950559E-4	19.4094094094094	2.1627383524956E-4
		21.5115115115115	4.06562465112355E-4	19.2692692692693	2.16497342328013E-4
		21.3713713713714	4.06272209879522E-4	19.1291291291291	2.16721408471994E-4
		21.2312312312312	4.05981129588067E-4	19	2.16928366251774E-4
		21.0910910910911	4.05689219534112E-4	18.988988988989	2.16946035922321E-4
		20.950950950951	4.05396474973436E-4	18.8488488488488	2.17171226932179E-4
		20.8108108108108	4.05102891121013E-4	18.7087087087087	2.17396983767209E-4
		20.6706706706707	4.04808463150544E-4	18.5685685685686	2.17623308705594E-4
		20.5305305305305	4.0451318619398E-4	18.4284284284284	2.17850204038149E-4
		20.3903903903904	4.04217055341037E-4	18.2882882882883	2.1807767206841E-4
		20.2502502502503	4.03920065638711E-4	18.1481481481482	2.18305715112723E-4
		20.1101101101101	4.03622212090776E-4	18.008008008008	2.18534335500338E-4
		19.96996996997	4.0332348965728E-4	18	2.18547417009059E-4
		19.8298298298298	4.0302389325404E-4	17.8678678678679	2.18763535573495E-4
		19.6896896896897	4.02723417752112E-4	17.7277277277277	2.18993317687521E-4
		19.5495495495496	4.02422057977273E-4	17.5875875875876	2.19223684210922E-4
		19.4094094094094	4.02119808709483E-4	17.4474474474474	2.19454637525477E-4
		19.2692692692693	4.01816664682343E-4	17.3073073073073	2.19686180026332E-4
		19.1291291291291	4.01512620582543E-4	17.1671671671672	2.19918314122095E-4
		18.988988988989	4.01207671049304E-4	17.027027027027	2.20151042234936E-4
		18.8488488488488	4.00901810673814E-4	17	2.20195994045526E-4
		18.7087087087087	4.00595033998645E-4	16.8868868868869	2.20384366800681E-4
		18.5685685685686	4.00287335517179E-4	16.7467467467468	2.20618290268911E-4
		18.4284284284284	3.99978709673004E-4	16.6066066066066	2.20852815103062E-4
		18.2882882882883	3.99669150859319E-4	16.4664664664665	2.21087943780521E-4
		18.1481481481482	3.99358653418324E-4	16.3263263263263	2.21323678792734E-4
		18.008008008008	3.99047211640592E-4	16.1861861861862	2.21560022645301E-4
		17.8678678678679	3.98734819764446E-4	16.046046046046	2.2179697785808E-4
		17.7277277277277	3.98421471975316E-4	16	2.21874968438501E-4
		17.5875875875876	3.98107162405093E-4	15.9059059059059	2.22034546965295E-4
		17.4474474474474	3.97791885131464E-4	15.7657657657658	2.22272732515633E-4
		17.3073073073073	3.97475634177248E-4	15.6256256256256	2.22511537072355E-4
		17.1671671671672	3.97158403509713E-4	15.4854854854855	2.227509632134E-4
		17.027027027027	3.96840187039888E-4	15.3453453453454	2.22991013531491E-4
		16.8868868868869	3.96520978621856E-4	15.2052052052052	2.23231690634246E-4
		16.7467467467468	3.9620077205205E-4	15.0650650650651	2.23472997144284E-4
		16.6066066066066	3.95879561068523E-4	15	2.23585246995915E-4
		16.4664664664665	3.95557339350217E-4	14.9249249249249	2.2371493569934E-4
		16.3263263263263	3.95234100516215E-4	14.7847847847848	2.23957508952368E-4
		16.1861861861862	3.94909838124982E-4	14.6446446446446	2.2420071957166E-4
		16.046046046046	3.94584545673598E-4	14.5045045045045	2.24444570240956E-4
		15.9059059059059	3.94258216596971E-4	14.3643643643644	2.24689063659559E-4
		15.7657657657658	3.93930844267046E-4	14.2242242242242	2.24934202542449E-4
		15.6256256256256	3.93602421991995E-4	14.0840840840841	2.251799896204E-4
		15.4854854854855	3.93272943015396E-4	14	2.25327774142756E-4
		15.3453453453454	3.92942400515403E-4	13.943943943944	2.25426427640097E-4
		15.2052052052052	3.92610787603891E-4	13.8038038038038	2.25673519364253E-4
		15.0650650650651	3.92278097325602E-4	13.6636636636637	2.25921267571731E-4
		14.9249249249249	3.91944322657266E-4	13.5235235235235	2.2616967505766E-4
		14.7847847847848	3.91609456506712E-4	13.3833833833834	2.26418744633561E-4
		14.6446446446446	3.91273491711964E-4	13.2432432432432	2.26668479127466E-4
		14.5045045045045	3.90936421040322E-4	13.1031031031031	2.26918881384045E-4
		14.3643643643644	3.90598237187426E-4	13	2.27103533929855E-4
		14.2242242242242	3.90258932776311E-4	12.962962962963	2.27169954264727E-4
		14.0840840840841	3.89918500356435E-4	12.8228228228228	2.27421700647829E-4
		13.943943943944	3.89576932402704E-4	12.6826826826827	2.27674123428681E-4
		13.8038038038038	3.89234221314466E-4	12.5425425425425	2.27927225519754E-4
		13.6636636636637	3.88890359414504E-4	12.4024024024024	2.28181009850792E-4
		13.5235235235235	3.88545338948002E-4	12.2622622622623	2.2843547936894E-4
		13.3833833833834	3.8819915208149E-4	12.1221221221221	2.28690637038878E-4
		13.2432432432432	3.87851790901785E-4	12	2.2891355217443E-4
		13.1031031031031	3.87503247414901E-4	11.981981981982	2.28946485842951E-4
		12.962962962963	3.87153513544945E-4	11.8418418418418	2.29203028781306E-4
		12.8228228228228	3.86802581132997E-4	11.7017017017017	2.29460268872025E-4
		12.6826826826827	3.86450441935964E-4	11.5615615615616	2.29718209151264E-4
		12.5425425425425	3.86097087625424E-4	11.4214214214214	2.2997685267339E-4
		12.4024024024024	3.85742509786436E-4	11.2812812812813	2.3023620251112E-4
		12.2622622622623	3.85386699916346E-4	11.1411411411411	2.30496261755661E-4
		12.1221221221221	3.85029649423558E-4	11.001001001001	2.30757033516854E-4
		11.981981981982	3.8467134962629E-4	11	2.30758898742688E-4
		11.8418418418418	3.84311791751312E-4	10.8608608608609	2.31018520923315E-4
		11.7017017017017	3.83950966932648E-4	10.7207207207207	2.31280727122581E-4
		11.5615615615616	3.83588866210274E-4	10.5805805805806	2.31543655281253E-4
		11.4214214214214	3.83225480528776E-4	10.4404404404404	2.31807308585149E-4
		11.2812812812813	3.82860800735995E-4	10.3003003003003	2.32071690239445E-4
		11.1411411411411	3.82494817581642E-4	10.1601601601602	2.32336803468832E-4
		11.001001001001	3.82127521715891E-4	10.02002002002	2.32602651517664E-4
		10.8608608608609	3.81758903687946E-4	10	2.32640689985697E-4
		10.7207207207207	3.8138895394458E-4	9.87987987987988	2.3286923765011E-4
		10.5805805805806	3.81017662828653E-4	9.73973973973975	2.33136565150311E-4
		10.4404404404404	3.80645020577594E-4	9.5995995995996	2.33404637322533E-4
		10.3003003003003	3.80271017321868E-4	9.45945945945947	2.33673457491327E-4
		10.1601601601602	3.798956430834E-4	9.31931931931932	2.33943029001685E-4
		10.02002002002	3.79518887773984E-4	9.17917917917919	2.34213355219204E-4
		9.87987987987988	3.79140741193651E-4	9.03903903903904	2.34484439530243E-4
		9.73973973973975	3.78761193029017E-4	9	2.34560091340793E-4
		9.5995995995996	3.7838023285159E-4	8.89889889889891	2.3475628534209E-4
		9.45945945945947	3.77997850116055E-4	8.75875875875876	2.35028896083124E-4
		9.31931931931932	3.77614034158523E-4	8.61861861861863	2.35302275202985E-4
		9.17917917917919	3.77228774194739E-4	8.47847847847848	2.35576426172739E-4
		9.03903903903904	3.76842059318276E-4	8.33833833833835	2.3585135248505E-4
		8.89889889889891	3.76453878498669E-4	8.1981981981982	2.36127057654348E-4
		8.75875875875876	3.7606422057954E-4	8.05805805805807	2.36403545217006E-4
		8.61861861861863	3.75673074276664E-4	8	2.36518320111903E-4
		8.47847847847848	3.75280428176014E-4	7.91791791791792	2.36680818731513E-4
		8.33833833833835	3.74886270731759E-4	7.77777777777779	2.36958881778647E-4
		8.1981981981982	3.7449059026423E-4	7.63763763763764	2.3723773796166E-4
		8.05805805805807	3.74093374957842E-4	7.49749749749751	2.37517390906451E-4
		7.91791791791792	3.73694612858976E-4	7.35735735735736	2.37797844261752E-4
		7.77777777777779	3.73294291873821E-4	7.21721721721723	2.38079101699309E-4
		7.63763763763764	3.72892399766175E-4	7.07707707707708	2.38361166914067E-4
		7.49749749749751	3.72488924155197E-4	7	2.38516648443456E-4
		7.35735735735736	3.72083852513123E-4	6.93693693693695	2.3864404362436E-4
		7.21721721721723	3.71677172162927E-4	6.7967967967968	2.38927735572094E-4
		7.07707707707708	3.71268870275947E-4	6.65665665665666	2.39212246522944E-4
		6.93693693693695	3.70858933869449E-4	6.51651651651652	2.39497580266542E-4
		6.7967967967968	3.70447349804157E-4	6.37637637637638	2.39783740616672E-4
		6.65665665665666	3.70034104781721E-4	6.23623623623624	2.40070731411467E-4
		6.51651651651652	3.69619185342141E-4	6.0960960960961	2.4035855651361E-4
		6.37637637637638	3.69202577861138E-4	6	2.40556406503915E-4
		6.23623623623624	3.68784268547466E-4	5.95595595595596	2.40647219810527E-4
		6.0960960960961	3.68364243440175E-4	5.81581581581582	2.40936725214596E-4
		5.95595595595596	3.67942488405815E-4	5.67567567567568	2.41227076663349E-4
		5.81581581581582	3.67518989135581E-4	5.53553553553554	2.41518278119676E-4
		5.67567567567568	3.67093731142403E-4	5.3953953953954	2.41810333572037E-4
		5.53553553553554	3.66666699757969E-4	5.25525525525526	2.42103247034668E-4
		5.3953953953954	3.6623788012969E-4	5.11511511511512	2.42397022547798E-4
		5.25525525525526	3.65807257217603E-4	5	2.42638985896554E-4
		5.11511511511512	3.65374815791203E-4	4.97497497497498	2.4269166417786E-4
		4.97497497497498	3.64940540426211E-4	4.83483483483484	2.42987176017709E-4
		4.83483483483484	3.64504415501274E-4	4.6946946946947	2.43283562186842E-4
		4.6946946946947	3.64066425194592E-4	4.55455455455456	2.43580826831618E-4
		4.55455455455456	3.63626553480475E-4	4.41441441441442	2.43878974125479E-4
		4.41441441441442	3.63184784125825E-4	4.27427427427428	2.44178008269181E-4
		4.27427427427428	3.62741100686539E-4	4.13413413413414	2.44477933491017E-4
		4.13413413413414	3.62295486503838E-4	4	2.44765843316794E-4
		3.993993993994	3.61847924700515E-4	3.993993993994	2.4477875404705E-4
		3.85385385385386	3.61398398177096E-4	3.85385385385386	2.45080474221343E-4
		3.71371371371372	3.60946889607925E-4	3.71371371371372	2.45383098326197E-4
		3.57357357357358	3.6049338143715E-4	3.57357357357358	2.45686630702386E-4
		3.43343343343344	3.60037855874635E-4	3.43343343343344	2.45991075719397E-4
		3.2932932932933	3.59580294891767E-4	3.2932932932933	2.46296437775674E-4
		3.15315315315316	3.59120680217177E-4	3.15315315315316	2.46602721298859E-4
		3.01301301301302	3.58658993332359E-4	3.01301301301302	2.46909930746044E-4
		2.87287287287288	3.58195215467199E-4	3	2.46938504477342E-4
		2.73273273273274	3.5772932759539E-4	2.87287287287288	2.47218070604016E-4
		2.5925925925926	3.57261310429749E-4	2.73273273273274	2.47527145389513E-4
		2.45245245245246	3.56791144417432E-4	2.5925925925926	2.47837159649475E-4
		2.31231231231232	3.56318809735023E-4	2.45245245245246	2.48148117961308E-4
		2.17217217217218	3.55844286283527E-4	2.31231231231232	2.48460024933135E-4
		2.03203203203203	3.55367553683233E-4	2.17217217217218	2.48772885204067E-4
		1.8918918918919	3.54888591268466E-4	2.03203203203203	2.49086703444466E-4
		1.75175175175175	3.54407378082206E-4	2	2.49158568324503E-4
		1.61161161161161	3.53923892870591E-4	1.8918918918919	2.49401484356212E-4
		1.47147147147147	3.53438114077284E-4	1.75175175175175	2.49717232672975E-4
		1.33133133133133	3.52950019837703E-4	1.61161161161161	2.50033953160489E-4
		1.19119119119119	3.52459587973116E-4	1.47147147147147	2.50351650616832E-4
		1.05105105105105	3.51966795984596E-4	1.33133133133133	2.50670329872699E-4
		0.910910910910914	3.51471621046829E-4	1.19119119119119	2.50989995791692E-4
		0.770770770770767	3.50974040001765E-4	1.05105105105105	2.51310653270603E-4
		0.630630630630634	3.50474029352123E-4	1	2.51427711571413E-4
		0.490490490490487	3.49971565254731E-4	0.910910910910914	2.51632307239699E-4
		0.350350350350354	3.49466623513707E-4	0.770770770770767	2.5195496266302E-4
		0.210210210210207	3.48959179573463E-4	0.630630630630634	2.52278624538673E-4
		0.0700700700700736	3.48449208511543E-4	0.490490490490487	2.52603297899124E-4
		-0.0700700700700736	3.47936685031274E-4	0.350350350350354	2.52928987811507E-4
		-0.210210210210207	3.47421583454244E-4	0.210210210210207	2.53255699377924E-4
		-0.350350350350354	3.46903877712573E-4	0.0700700700700736	2.53583437735754E-4
		-0.490490490490487	3.46383541341003E-4	0	2.53747693576602E-4
		-0.630630630630634	3.4586054746878E-4	-0.0700700700700736	2.53912208057964E-4
		-0.770770770770767	3.45334868811323E-4	-0.210210210210207	2.54242015553421E-4
		-0.910910910910914	3.44806477661687E-4	-0.350350350350354	2.54572865467217E-4
		-1.05105105105105	3.44275345881799E-4	-0.490490490490487	2.5490476308098E-4
		-1.19119119119119	3.43741444893463E-4	-0.630630630630634	2.55237713713205E-4
		-1.33133133133133	3.4320474566914E-4	-0.770770770770767	2.55571722719584E-4
		-1.47147147147147	3.42665218722473E-4	-0.910910910910914	2.5590679549333E-4
		-1.61161161161161	3.42122834098566E-4	-1	2.5612036159925E-4
		-1.75175175175175	3.41577561364007E-4	-1.05105105105105	2.5624293746552E-4
		-1.89189189189189	3.41029369596622E-4	-1.19119119119119	2.56580154105429E-4
		-2.03203203203203	3.40478227374946E-4	-1.33133133133133	2.56918450920874E-4
		-2.17217217217217	3.39924102767425E-4	-1.47147147147147	2.57257833458564E-4
		-2.31231231231232	3.39366963321307E-4	-1.61161161161161	2.57598307304442E-4
		-2.45245245245245	3.38806776051242E-4	-1.75175175175175	2.57939878084047E-4
		-2.5925925925926	3.38243507427561E-4	-1.89189189189189	2.58282551462868E-4
		-2.73273273273273	3.37677123364236E-4	-2	2.58547656465827E-4
		-2.87287287287288	3.37107589206498E-4	-2.03203203203203	2.58626333146707E-4
		-3.01301301301301	3.36534869718118E-4	-2.17217217217217	2.58971228882041E-4
		-3.15315315315316	3.35958929068324E-4	-2.31231231231232	2.593172444564E-4
		-3.29329329329329	3.35379730818347E-4	-2.45245245245245	2.59664385698733E-4
		-3.43343343343344	3.34797237907592E-4	-2.5925925925926	2.60012658479788E-4
		-3.57357357357357	3.34211412639406E-4	-2.73273273273273	2.60362068712498E-4
		-3.71371371371372	3.33622216666435E-4	-2.87287287287288	2.60712622352363E-4
		-3.85385385385385	3.33029610975569E-4	-3	2.61031618686543E-4
		-3.993993993994	3.32433555872434E-4	-3.01301301301301	2.61064325397844E-4
		-4.13413413413413	3.31834010965444E-4	-3.15315315315316	2.61417183890754E-4
		-4.27427427427428	3.31230935149367E-4	-3.29329329329329	2.61771203916663E-4
		-4.41441441441441	3.30624286588424E-4	-3.43343343343344	2.62126391605299E-4
		-4.55455455455456	3.30014022698868E-4	-3.57357357357357	2.62482753130956E-4
		-4.69469469469469	3.29400100131047E-4	-3.71371371371372	2.62840294712909E-4
		-4.83483483483484	3.28782474750928E-4	-3.85385385385385	2.6319902261583E-4
		-4.97497497497497	3.28161101621057E-4	-3.993993993994	2.63558943150215E-4
		-5.11511511511512	3.27535934980941E-4	-4	2.63574395064199E-4
		-5.25525525525525	3.26906928226823E-4	-4.13413413413413	2.63920062672804E-4
		-5.3953953953954	3.26274033890835E-4	-4.27427427427428	2.64282387587019E-4
		-5.53553553553553	3.25637203619505E-4	-4.41441441441441	2.64645924343402E-4
		-5.67567567567568	3.24996388151585E-4	-4.55455455455456	2.65010679440051E-4
		-5.81581581581581	3.24351537295188E-4	-4.69469469469469	2.65376659423072E-4
		-5.95595595595596	3.23702599904196E-4	-4.83483483483484	2.65743870887032E-4
		-6.09609609609609	3.23049523853916E-4	-4.97497497497497	2.66112320475413E-4
		-6.23623623623623	3.22392256015958E-4	-5	2.66178245842761E-4
		-6.37637637637637	3.21730742232296E-4	-5.11511511511512	2.66482014881076E-4
		-6.51651651651651	3.21064927288493E-4	-5.25525525525525	2.66852960846731E-4
		-6.65665665665665	3.20394754886042E-4	-5.3953953953954	2.67225165165408E-4
		-6.79679679679679	3.19720167613802E-4	-5.53553553553553	2.67598634680937E-4
		-6.93693693693693	3.19041106918483E-4	-5.67567567567568	2.67973376288433E-4
		-7.07707707707707	3.18357513074149E-4	-5.81581581581581	2.68349396934785E-4
		-7.21721721721721	3.17669325150696E-4	-5.95595595595596	2.68726703619152E-4
		-7.35735735735736	3.16976480981258E-4	-6	2.6884555244826E-4
		-7.4974974974975	3.16278917128509E-4	-6.09609609609609	2.69105303393465E-4
		-7.63763763763764	3.15576568849811E-4	-6.23623623623623	2.69485203362936E-4
		-7.77777777777778	3.14869370061149E-4	-6.37637637637637	2.69866410686568E-4
		-7.91791791791792	3.14157253299822E-4	-6.51651651651651	2.70248932577676E-4
		-8.05805805805806	3.13440149685823E-4	-6.65665665665665	2.70632776304414E-4
		-8.1981981981982	3.12717988881856E-4	-6.79679679679679	2.71017949190304E-4
		-8.33833833833834	3.11990699051937E-4	-6.93693693693693	2.71404458614777E-4
		-8.47847847847848	3.11258206818511E-4	-7	2.71578825880618E-4
		-8.61861861861862	3.10520437218025E-4	-7.07707707707707	2.71792312013713E-4
		-8.75875875875876	3.09777313654891E-4	-7.21721721721721	2.72181516879997E-4
		-8.8988988988989	3.09028757853763E-4	-7.35735735735736	2.72572080764073E-4
		-9.03903903903904	3.08274689810059E-4	-7.4974974974975	2.72964011274507E-4
		-9.17917917917918	3.07515027738648E-4	-7.63763763763764	2.73357316078562E-4
		-9.31931931931932	3.06749688020618E-4	-7.77777777777778	2.73752002902771E-4
		-9.45945945945946	3.05978585148038E-4	-7.91791791791792	2.74148079533524E-4
		-9.5995995995996	3.05201631666632E-4	-8	2.7438071582177E-4
		-9.73973973973974	3.04418738116252E-4	-8.05805805805806	2.74545553817658E-4
		-9.87987987987988	3.03629812969063E-4	-8.1981981981982	2.74944433663056E-4
		-10.02002002002	3.0283476256533E-4	-8.33833833833834	2.75344727039254E-4
		-10.1601601601602	3.02033491046685E-4	-8.47847847847848	2.75746441978053E-4
		-10.3003003003003	3.01225900286775E-4	-8.61861861861862	2.76149586574136E-4
		-10.4404404404404	3.0041188981914E-4	-8.75875875875876	2.76554168985705E-4
		-10.5805805805806	2.9959135676221E-4	-8.8988988988989	2.76960197435106E-4
		-10.7207207207207	2.98764195741271E-4	-9	2.77254020533115E-4
		-10.8608608608609	2.97930298807249E-4	-9.03903903903904	2.7736768020948E-4
		-11.001001001001	2.97089555352171E-4	-9.17917917917918	2.77776625661411E-4
		-11.1411411411411	2.96241852021113E-4	-9.31931931931932	2.78187042209585E-4
		-11.2812812812813	2.95387072620481E-4	-9.45945945945946	2.78598938339459E-4
		-11.4214214214214	2.94525098022432E-4	-9.5995995995996	2.79012322603935E-4
		-11.5615615615616	2.93655806065236E-4	-9.73973973973974	2.79427203624043E-4
		-11.7017017017017	2.9277907144937E-4	-9.87987987987988	2.79843590089637E-4
		-11.8418418418418	2.9189476562913E-4	-10	2.80201697624008E-4
		-11.981981981982	2.9100275669952E-4	-10.02002002002	2.80261490760092E-4
		-12	2.90887504039512E-4	-10.1601601601602	2.80680914465012E-4
		-12.1221221221221	2.90102909278171E-4	-10.3003003003003	2.81101870104956E-4
		-12.2622622622623	2.89195084382026E-4	-10.4404404404404	2.81524366652155E-4
		-12.4024024024024	2.8827913929851E-4	-10.5805805805806	2.81948413151256E-4
		-12.5425425425425	2.87354927450886E-4	-10.7207207207207	2.82374018720065E-4
		-12.6826826826827	2.86422298257477E-4	-10.8608608608609	2.82801192550301E-4
		-12.8228228228228	2.85481096984425E-4	-11	2.83226875782915E-4
		-12.962962962963	2.8453116459161E-4	-11.001001001001	2.8322994390836E-4
		-13	2.84278631843136E-4	-11.1411411411411	2.8366028213609E-4
		-13.1031031031031	2.83572337571368E-4	-11.2812812812813	2.84092216651577E-4
		-13.2432432432432	2.82604447779571E-4	-11.4214214214214	2.84525756949932E-4
		-13.3833833833834	2.81627322258665E-4	-11.5615615615616	2.84960912604101E-4
		-13.5235235235235	2.80640783052168E-4	-11.7017017017017	2.85397693265677E-4
		-13.6636636636637	2.79644647010155E-4	-11.8418418418418	2.85836108665721E-4
		-13.8038038038038	2.78638725585184E-4	-11.981981981982	2.86276168615603E-4
		-13.9439439439439	2.776228246181E-4	-12	2.86332867574103E-4
		-14	2.77213625361855E-4	-12.1221221221221	2.8671788300784E-4
		-14.0840840840841	2.76596744113109E-4	-12.2622622622623	2.87161261816958E-4
		-14.2242242242242	2.75560278001465E-4	-12.4024024024024	2.87606315100357E-4
		-14.3643643643644	2.74513213893079E-4	-12.5425425425425	2.88053052999188E-4
		-14.5045045045045	2.73455332815293E-4	-12.6826826826827	2.88501485739246E-4
		-14.6446446446446	2.72386408938022E-4	-12.8228228228228	2.88951623631869E-4
		-14.7847847847848	2.71306209284399E-4	-12.962962962963	2.89403477074848E-4
		-14.9249249249249	2.70214493425994E-4	-13	2.89523183415565E-4
		-15	2.69624822456412E-4	-13.1031031031031	2.8985705655336E-4
		-15.0650650650651	2.69111013161609E-4	-13.2432432432432	2.90312372640894E-4
		-15.2052052052052	2.6799551217858E-4	-13.3833833833834	2.90769436000211E-4
		-15.3453453453453	2.66867725695427E-4	-13.5235235235235	2.91228257384296E-4
		-15.4854854854855	2.65727380084602E-4	-13.6636636636637	2.91688847637337E-4
		-15.6256256256256	2.64574192474002E-4	-13.8038038038038	2.92151217695712E-4
		-15.7657657657658	2.63407870325776E-4	-13.9439439439439	2.92615378588985E-4
		-15.9059059059059	2.62228110990878E-4	-14.0840840840841	2.93081341440923E-4
		-16	2.61428290896868E-4	-14.2242242242242	2.93549117470521E-4
		-16.046046046046	2.6103460123766E-4	-14.3643643643644	2.94018717993042E-4
		-16.1861861861862	2.59827016752657E-4	-14.5045045045045	2.94490154421068E-4
		-16.3263263263263	2.58605021611597E-4	-14.6446446446446	2.94963438265574E-4
		-16.4664664664665	2.57368267718457E-4	-14.7847847847848	2.95438581137005E-4
		-16.6066066066066	2.56116394210231E-4	-14.9249249249249	2.95915594746373E-4
		-16.7467467467467	2.54849026824865E-4	-15.0650650650651	2.9639449090637E-4
		-16.8868868868869	2.53565777229575E-4	-15.2052052052052	2.96875281532496E-4
		-17	2.52518153817666E-4	-15.3453453453453	2.97357978644196E-4
		-17.027027027027	2.5226624230656E-4	-15.4854854854855	2.97842594366018E-4
		-17.1671671671672	2.50950003392787E-4	-15.6256256256256	2.9832914092879E-4
		-17.3073073073073	2.49616625470294E-4	-15.7657657657658	2.988176306708E-4
		-17.4474474474474	2.48265656303067E-4	-15.9059059059059	2.99308076039011E-4
		-17.5875875875876	2.46896625516228E-4	-16.046046046046	2.99800489590274E-4
		-17.7277277277277	2.45509043612818E-4	-16.1861861861862	3.00294883992567E-4
		-17.8678678678679	2.44102400923059E-4	-16.3263263263263	3.00791272026255E-4
		-18	2.42758202917924E-4	-16.4664664664665	3.01289666585355E-4
		-18.008008008008	2.42676166480428E-4	-16.6066066066066	3.0179008067883E-4
		-18.1481481481481	2.41229786818355E-4	-16.7467467467467	3.02292527431895E-4
		-18.2882882882883	2.39762684680716E-4	-16.8868868868869	3.02797020087343E-4
		-18.4284284284284	2.38274257638599E-4	-17.027027027027	3.03303572006887E-4
		-18.5685685685686	2.36763876605054E-4	-17.1671671671672	3.03812196672525E-4
		-18.7087087087087	2.35230884238656E-4	-17.3073073073073	3.0432290768792E-4
		-18.8488488488488	2.33674593225754E-4	-17.4474474474474	3.048357187798E-4
		-18.988988988989	2.32094284430147E-4	-17.5875875875876	3.05350643799381E-4
		-19	2.31969077750405E-4	-17.7277277277277	3.05867696723806E-4
		-19.1291291291291	2.30489204897747E-4	-17.8678678678679	3.06386891657604E-4
		-19.2692692692693	2.28858565702352E-4	-18.008008008008	3.06908242834176E-4
		-19.4094094094094	2.27201539617106E-4	-18.1481481481481	3.07431764617292E-4
		-19.5495495495495	2.25517258594445E-4	-18.2882882882883	3.07957471502618E-4
		-19.6896896896897	2.23804811035308E-4	-18.4284284284284	3.0848537811926E-4
		-19.8298298298298	2.22063238826102E-4	-18.5685685685686	3.09015499231331E-4
		-19.96996996997	2.20291534119317E-4	-18.7087087087087	3.09547849739542E-4
		-20	2.19907861967074E-4	-18.8488488488488	3.10082444682815E-4
		-20.1101101101101	2.18488635830701E-4	-18.988988988989	3.10619299239915E-4
		-20.2502502502502	2.1665342582251E-4	-19.1291291291291	3.11158428731115E-4
		-20.3903903903904	2.14784724738462E-4	-19.2692692692693	3.11699848619874E-4
		-20.5305305305305	2.12881287451544E-4	-19.4094094094094	3.12243574514547E-4
		-20.6706706706707	2.1094179808066E-4	-19.5495495495495	3.12789622170117E-4
		-20.8108108108108	2.08964864526177E-4	-19.6896896896897	3.13338007489955E-4
		-20.9509509509509	2.06949012467535E-4	-19.8298298298298	3.13888746527599E-4
		-21	2.06233983284507E-4	-19.96996996997	3.14441855488565E-4
		-21.0910910910911	2.04892678758088E-4	-20.1101101101101	3.14997350732186E-4
		-21.2312312312312	2.02794204143049E-4	-20.2502502502502	3.15555248773468E-4
		-21.3713713713714	2.00651825215566E-4	-20.3903903903904	3.1611556628499E-4
		-21.5115115115115	1.98463665513202E-4	-20.5305305305305	3.16678320098812E-4
		-21.6516516516516	1.96227725642211E-4	-20.6706706706707	3.17243527208431E-4
		-21.7917917917918	1.93941872299341E-4	-20.8108108108108	3.17811204770749E-4
		-21.9319319319319	1.91603826040113E-4	-20.9509509509509	3.18381370108083E-4
		-22	1.90448648812974E-4	-21.0910910910911	3.18954040710199E-4
		-22.0720720720721	1.8921114761779E-4	-21.2312312312312	3.19529234236377E-4
		-22.2122122122122	1.86761222687814E-4	-21.3713713713714	3.20106968517507E-4
		-22.3523523523523	1.84251244637249E-4	-21.5115115115115	3.2068726155822E-4
		-22.4924924924925	1.8167819525648E-4	-21.6516516516516	3.21270131539044E-4
		-22.6326326326326	1.79038822919377E-4	-21.7917917917918	3.218555968186E-4
		-22.7727727727728	1.76329617876277E-4	-21.9319319319319	3.22443675935828E-4
		-22.9129129129129	1.73546784188886E-4	-22.0720720720721	3.23034387612246E-4
		-23	1.71778560824866E-4	-22.2122122122122	3.23627750754246E-4
		-23.053053053053	1.70686207744028E-4	-22.3523523523523	3.24223784455423E-4
		-23.1931931931932	1.67743419669906E-4	-22.4924924924925	3.24822507998941E-4
		-23.3333333333333	1.64713554338349E-4	-22.6326326326326	3.25423940859933E-4
		-23.4734734734735	1.61591300962192E-4	-22.7727727727728	3.26028102707944E-4
		-23.6136136136136	1.58370847578686E-4	-22.9129129129129	3.26635013409403E-4
		-23.7537537537537	1.55045815934859E-4	-23.053053053053	3.27244693030141E-4
		-23.8938938938939	1.51609185441909E-4	-23.1931931931932	3.27857161837947E-4
		-24	1.4892821986027E-4	-23.3333333333333	3.28472440305157E-4
		-24.034034034034	1.48053203919889E-4	-23.4734734734735	3.29090549111291E-4
		-24.1741741741742	1.44369282279713E-4	-23.6136136136136	3.29711509145731E-4
		-24.3143143143143	1.40547869543734E-4	-23.7537537537537	3.30335341510438E-4
		-24.4544544544544	1.36578303628841E-4	-23.8938938938939	3.3096206752271E-4
		-24.5945945945946	1.32448632023204E-4	-24.034034034034	3.31591708717991E-4
		-24.7347347347347	1.28145394759825E-4	-24.1741741741742	3.32224286852717E-4
		-24.8748748748749	1.23653359755122E-4	-24.3143143143143	3.32859823907211E-4
		-25	1.19469006683261E-4	-24.4544544544544	3.33498342088625E-4
		-25.015015015015	1.18955197387749E-4	-24.5945945945946	3.34139863833927E-4
		-25.1551551551552	1.14031076769993E-4	-24.7347347347347	3.34784411812934E-4
		-25.2952952952953	1.08858159951328E-4	-24.8748748748749	3.35432008931399E-4
		-25.4354354354354	1.03409961432487E-4	-25.015015015015	3.36082678334145E-4
		-25.5755755755756	9.76555275168975E-5	-25.1551551551552	3.3673644340825E-4
		-25.7157157157157	9.1558371041607E-5	-25.2952952952953	3.3739332778628E-4
		-25.8558558558559	8.50750684092312E-5	-25.4354354354354	3.38053355349583E-4
		-25.995995995996	7.81533817087008E-5	-25.5755755755756	3.38716550231628E-4
		-26	7.79485776847387E-5	-25.7157157157157	3.39382936821405E-4
		-26.1361361361361	7.07296989142606E-5	-25.8558558558559	3.40052539766875E-4
		-26.2762762762763	6.27254715740076E-5	-25.995995995996	3.40725383978484E-4
		-26.4164164164164	5.40421385004968E-5	-26.1361361361361	3.41401494632729E-4
		-26.5565565565566	4.45536909858124E-5	-26.2762762762763	3.42080897175783E-4
		-26.6966966966967	3.40954286805614E-5	-26.4164164164164	3.42763617327187E-4
		-26.8368368368368	2.24462938027791E-5	-26.5565565565566	3.43449681083593E-4
		-26.976976976977	9.2998083901968E-6	-26.6966966966967	3.44139114722581E-4
		-27	6.96893537174975E-6	-26.8368368368368	3.44831944806529E-4
		-27.1171171171171	-5.78653383150616E-6	-26.976976976977	3.45528198186557E-4
		-27.2572572572573	-2.34859797929416E-5	-27.1171171171171	3.46227902006531E-4
		-27.3973973973974	-4.48973935599829E-5	-27.2572572572573	3.46931083707138E-4
		-27.5375375375375	-7.20024348380189E-5	-27.3973973973974	3.47637771030032E-4
		-27.6776776776777	-1.08970915867991E-4	-27.5375375375375	3.48347992022041E-4
		-27.8178178178178	-1.67395838981023E-4	-27.6776776776777	3.49061775039462E-4
		-27.957957957958	-3.17551664673251E-4	-27.8178178178178	3.49779148752412E-4
		-28	--	-27.957957957958	3.50500142149264E-4
		-28.0980980980981	--	-28.0980980980981	3.51224784541161E-4
		-28.2382382382382	--	-28.2382382382382	3.51953105566598E-4
		-28.3783783783784	--	-28.3783783783784	3.52685135196092E-4
		-28.5185185185185	--	-28.5185185185185	3.53420903736931E-4
		-28.6586586586587	--	-28.6586586586587	3.54160441838004E-4
		-28.7987987987988	--	-28.7987987987988	3.54903780494716E-4
		-28.9389389389389	--	-28.9389389389389	3.55650951053993E-4
		-29.0790790790791	--	-29.0790790790791	3.56401985219365E-4
		-29.2192192192192	--	-29.2192192192192	3.57156915056151E-4
		-29.3593593593594	--	-29.3593593593594	3.57915772996729E-4
		-29.4994994994995	--	-29.4994994994995	3.58678591845899E-4
		-29.6396396396396	--	-29.6396396396396	3.59445404786343E-4
		-29.7797797797798	--	-29.7797797797798	3.60216245384184E-4
		-29.9199199199199	--	-29.9199199199199	3.6099114759464E-4
		-30.0600600600601	--	-30.0600600600601	3.61770145767788E-4
		-30.2002002002002	--	-30.2002002002002	3.62553274654422E-4
		-30.3403403403403	--	-30.3403403403403	3.63340569412021E-4
		-30.4804804804805	--	-30.4804804804805	3.6413206561083E-4
		-30.6206206206206	--	-30.6206206206206	3.64927799240046E-4
		-30.7607607607608	--	-30.7607607607608	3.65727806714116E-4
		-30.9009009009009	--	-30.9009009009009	3.66532124879154E-4
		-31.041041041041	--	-31.041041041041	3.67340791019479E-4
		-31.1811811811812	--	-31.1811811811812	3.68153842864261E-4
		-31.3213213213213	--	-31.3213213213213	3.68971318594307E-4
		-31.4614614614615	--	-31.4614614614615	3.69793256848959E-4
		-31.6016016016016	--	-31.6016016016016	3.70619696733127E-4
		-31.7417417417417	--	-31.7417417417417	3.71450677824451E-4
		-31.8818818818819	--	-31.8818818818819	3.72286240180602E-4
		-32.022022022022	--	-32.022022022022	3.73126424346714E-4
		-32.1621621621622	--	-32.1621621621622	3.73971271362956E-4
		-32.3023023023023	--	-32.3023023023023	3.74820822772257E-4
		-32.4424424424424	--	-32.4424424424424	3.75675120628166E-4
		-32.5825825825826	--	-32.5825825825826	3.76534207502868E-4
		-32.7227227227227	--	-32.7227227227227	3.77398126495352E-4
		-32.8628628628629	--	-32.8628628628629	3.78266921239738E-4
		-33.003003003003	--	-33.003003003003	3.79140635913757E-4
		-33.1431431431431	--	-33.1431431431431	3.80019315247407E-4
		-33.2832832832833	--	-33.2832832832833	3.80903004531764E-4
		-33.4234234234234	--	-33.4234234234234	3.81791749627972E-4
		-33.5635635635636	--	-33.5635635635636	3.82685596976409E-4
		-33.7037037037037	--	-33.7037037037037	3.83584593606026E-4
		-33.8438438438438	--	-33.8438438438438	3.84488787143878E-4
		-33.983983983984	--	-33.983983983984	3.85398225824835E-4
		-34.1241241241241	--	-34.1241241241241	3.86312958501491E-4
		-34.2642642642643	--	-34.2642642642643	3.87233034654268E-4
		-34.4044044044044	--	-34.4044044044044	3.88158504401721E-4
		-34.5445445445445	--	-34.5445445445445	3.89089418511048E-4
		-34.6846846846847	--	-34.6846846846847	3.90025828408813E-4
		-34.8248248248248	--	-34.8248248248248	3.90967786191883E-4
		-34.964964964965	--	-34.964964964965	3.91915344638593E-4
		-35.1051051051051	--	-35.1051051051051	3.92868557220122E-4
		-35.2452452452452	--	-35.2452452452452	3.93827478112119E-4
		-35.3853853853854	--	-35.3853853853854	3.94792162206553E-4
		-35.5255255255255	--	-35.5255255255255	3.95762665123816E-4
		-35.6656656656657	--	-35.6656656656657	3.96739043225064E-4
		-35.8058058058058	--	-35.8058058058058	3.97721353624824E-4
		-35.9459459459459	--	-35.9459459459459	3.98709654203854E-4
		-36.0860860860861	--	-36.0860860860861	3.99704003622276E-4
		-36.2262262262262	--	-36.2262262262262	4.00704461332984E-4
		-36.3663663663664	--	-36.3663663663664	4.01711087595324E-4
		-36.5065065065065	--	-36.5065065065065	4.02723943489075E-4
		-36.6466466466466	--	-36.6466466466466	4.03743090928712E-4
		-36.7867867867868	--	-36.7867867867868	4.04768592677984E-4
		-36.9269269269269	--	-36.9269269269269	4.05800512364795E-4
		-37.0670670670671	--	-37.0670670670671	4.06838914496399E-4
		-37.2072072072072	--	-37.2072072072072	4.07883864474932E-4
		-37.3473473473473	--	-37.3473473473473	4.08935428613268E-4
		-37.4874874874875	--	-37.4874874874875	4.09993674151226E-4
		-37.6276276276276	--	-37.6276276276276	4.11058669272116E-4
		-37.7677677677678	--	-37.7677677677678	4.12130483119662E-4
		-37.9079079079079	--	-37.9079079079079	4.13209185815281E-4
		-38.048048048048	--	-38.048048048048	4.14294848475748E-4
		-38.1881881881882	--	-38.1881881881882	4.15387543231246E-4
		-38.3283283283283	--	-38.3283283283283	4.1648734324382E-4
		-38.4684684684685	--	-38.4684684684685	4.17594322726236E-4
		-38.6086086086086	--	-38.6086086086086	4.18708556961261E-4
		-38.7487487487488	--	-38.7487487487488	4.19830122321378E-4
		-38.8888888888889	--	-38.8888888888889	4.20959096288939E-4
		-39.029029029029	--	-39.029029029029	4.22095557476776E-4
		-39.1691691691692	--	-39.1691691691692	4.23239585649275E-4
		-39.3093093093093	--	-39.3093093093093	4.24391261743932E-4
		-39.4494494494494	--	-39.4494494494494	4.25550667893402E-4
		-39.5895895895896	--	-39.5895895895896	4.26717887448048E-4
		-39.7297297297297	--	-39.7297297297297	4.27893004999014E-4
		-39.8698698698699	--	-39.8698698698699	4.29076106401827E-4
		-40.01001001001	--	-40.01001001001	4.30267278800553E-4
		-40.1501501501502	--	-40.1501501501502	4.31466610652505E-4
		-40.2902902902903	--	-40.2902902902903	4.32674191753538E-4
		-40.4304304304304	--	-40.4304304304304	4.33890113263935E-4
		-40.5705705705706	--	-40.5705705705706	4.35114467734904E-4
		-40.7107107107107	--	-40.7107107107107	4.36347349135697E-4
		-40.8508508508508	--	-40.8508508508508	4.37588852881384E-4
		-40.990990990991	--	-40.990990990991	4.38839075861282E-4
		-41.1311311311311	--	-41.1311311311311	4.4009811646807E-4
		-41.2712712712713	--	-41.2712712712713	4.413660746276E-4
		-41.4114114114114	--	-41.4114114114114	4.42643051829436E-4
		-41.5515515515516	--	-41.5515515515516	4.43929151158132E-4
		-41.6916916916917	--	-41.6916916916917	4.45224477325268E-4
		-41.8318318318318	--	-41.8318318318318	4.46529136702278E-4
		-41.971971971972	--	-41.971971971972	4.47843237354082E-4
		-42.1121121121121	--	-42.1121121121121	4.4916688907355E-4
		-42.2522522522522	--	-42.2522522522522	4.50500203416823E-4
		-42.3923923923924	--	-42.3923923923924	4.51843293739508E-4
		-42.5325325325325	--	-42.5325325325325	4.5319627523379E-4
		-42.6726726726727	--	-42.6726726726727	4.54559264966464E-4
		-42.8128128128128	--	-42.8128128128128	4.55932381917945E-4
		-42.952952952953	--	-42.952952952953	4.57315747022249E-4
		-43.0930930930931	--	-43.0930930930931	4.58709483208008E-4
		-43.2332332332332	--	-43.2332332332332	4.60113715440526E-4
		-43.3733733733734	--	-43.3733733733734	4.61528570764922E-4
		-43.5135135135135	--	-43.5135135135135	4.62954178350386E-4
		-43.6536536536536	--	-43.6536536536536	4.64390669535583E-4
		-43.7937937937938	--	-43.7937937937938	4.65838177875241E-4
		-43.9339339339339	--	-43.9339339339339	4.67296839187963E-4
		-44.0740740740741	--	-44.0740740740741	4.6876679160529E-4
		-44.2142142142142	--	-44.2142142142142	4.70248175622068E-4
		-44.3543543543544	--	-44.3543543543544	4.71741134148153E-4
		-44.4944944944945	--	-44.4944944944945	4.73245812561489E-4
		-44.6346346346346	--	-44.6346346346346	4.74762358762619E-4
		-44.7747747747748	--	-44.7747747747748	4.76290923230654E-4
		-44.9149149149149	--	-44.9149149149149	4.77831659080772E-4
		-45.0550550550551	--	-45.0550550550551	4.79384722123261E-4
		-45.1951951951952	--	-45.1951951951952	4.80950270924198E-4
		-45.3353353353353	--	-45.3353353353353	4.82528466867777E-4
		-45.4754754754755	--	-45.4754754754755	4.84119474220367E-4
		-45.6156156156156	--	-45.6156156156156	4.8572346019634E-4
		-45.7557557557558	--	-45.7557557557558	4.87340595025745E-4
		-45.8958958958959	--	-45.8958958958959	4.88971052023862E-4
		-46.036036036036	--	-46.036036036036	4.90615007662727E-4
		-46.1761761761762	--	-46.1761761761762	4.92272641644674E-4
		-46.3163163163163	--	-46.3163163163163	4.93944136977969E-4
		-46.4564564564565	--	-46.4564564564565	4.95629680054604E-4
		-46.5965965965966	--	-46.5965965965966	4.97329460730331E-4
		-46.7367367367367	--	-46.7367367367367	4.99043672406996E-4
		-46.8768768768769	--	-46.8768768768769	5.00772512117274E-4
		-47.017017017017	--	-47.017017017017	5.02516180611863E-4
		-47.1571571571572	--	-47.1571571571572	5.04274882449244E-4
		-47.2972972972973	--	-47.2972972972973	5.06048826088079E-4
		-47.4374374374374	--	-47.4374374374374	5.07838223982352E-4
		-47.5775775775776	--	-47.5775775775776	5.09643292679335E-4
		-47.7177177177177	--	-47.7177177177177	5.11464252920494E-4
		-47.8578578578579	--	-47.8578578578579	5.13301329745427E-4
		-47.997997997998	--	-47.997997997998	5.15154752598949E-4
		-48.1381381381381	--	-48.1381381381381	5.17024755441432E-4
		-48.2782782782783	--	-48.2782782782783	5.18911576862519E-4
		-48.4184184184184	--	-48.4184184184184	5.20815460198337E-4
		-48.5585585585586	--	-48.5585585585586	5.22736653652331E-4
		-48.6986986986987	--	-48.6986986986987	5.24675410419852E-4
		-48.8388388388388	--	-48.8388388388388	5.26631988816645E-4
		-48.978978978979	--	-48.978978978979	5.28606652411367E-4
		-49.1191191191191	--	-49.1191191191191	5.30599670162302E-4
		-49.2592592592593	--	-49.2592592592593	5.32611316558411E-4
		-49.3993993993994	--	-49.3993993993994	5.34641871764896E-4
		-49.5395395395395	--	-49.5395395395395	5.36691621773444E-4
		-49.6796796796797	--	-49.6796796796797	5.38760858557321E-4
		-49.8198198198198	--	-49.8198198198198	5.40849880231514E-4
		-49.95995995996	--	-49.95995995996	5.42958991218104E-4
		-50.1001001001001	--	-50.1001001001001	5.45088502417083E-4
		-50.2402402402402	--	-50.2402402402402	5.47238731382815E-4
		-50.3803803803804	--	-50.3803803803804	5.49410002506377E-4
		-50.5205205205205	--	-50.5205205205205	5.51602647203992E-4
		-50.6606606606607	--	-50.6606606606607	5.53817004111814E-4
		-50.8008008008008	--	-50.8008008008008	5.5605341928731E-4
		-50.9409409409409	--	-50.9409409409409	5.58312246417497E-4
		-51.0810810810811	--	-51.0810810810811	5.60593847034327E-4
		-51.2212212212212	--	-51.2212212212212	5.62898590737488E-4
		-51.3613613613614	--	-51.3613613613614	5.65226855424952E-4
		-51.5015015015015	--	-51.5015015015015	5.67579027531553E-4
		-51.6416416416416	--	-51.6416416416416	5.69955502275961E-4
		-51.7817817817818	--	-51.7817817817818	5.72356683916383E-4
		-51.9219219219219	--	-51.9219219219219	5.74782986015349E-4
		-52.0620620620621	--	-52.0620620620621	5.77234831713993E-4
		-52.2022022022022	--	-52.2022022022022	5.797126540162E-4
		-52.3423423423423	--	-52.3423423423423	5.82216896083058E-4
		-52.4824824824825	--	-52.4824824824825	5.84748011538059E-4
		-52.6226226226226	--	-52.6226226226226	5.87306464783502E-4
		-52.7627627627628	--	-52.7627627627628	5.8989273132859E-4
		-52.9029029029029	--	-52.9029029029029	5.92507298129737E-4
		-53.043043043043	--	-53.043043043043	5.95150663943621E-4
		-53.1831831831832	--	-53.1831831831832	5.97823339693543E-4
		-53.3233233233233	--	-53.3233233233233	6.00525848849689E-4
		-53.4634634634635	--	-53.4634634634635	6.03258727823932E-4
		-53.6036036036036	--	-53.6036036036036	6.06022526379803E-4
		-53.7437437437437	--	-53.7437437437437	6.08817808058358E-4
		-53.8838838838839	--	-53.8838838838839	6.11645150620642E-4
		-54.024024024024	--	-54.024024024024	6.14505146507532E-4
		-54.1641641641642	--	-54.1641641641642	6.17398403317756E-4
		-54.3043043043043	--	-54.3043043043043	6.20325544304959E-4
		-54.4444444444444	--	-54.4444444444444	6.23287208894687E-4
		-54.5845845845846	--	-54.5845845845846	6.26284053222263E-4
		-54.7247247247247	--	-54.7247247247247	6.29316750692533E-4
		-54.8648648648649	--	-54.8648648648649	6.32385992562547E-4
		-55.005005005005	--	-55.005005005005	6.35492488548294E-4
		-55.1451451451451	--	-55.1451451451451	6.38636967456648E-4
		-55.2852852852853	--	-55.2852852852853	6.41820177843789E-4
		-55.4254254254254	--	-55.4254254254254	6.45042888701399E-4
		-55.5655655655656	--	-55.5655655655656	6.48305890172028E-4
		-55.7057057057057	--	-55.7057057057057	6.51609994295096E-4
		-55.8458458458458	--	-55.8458458458458	6.54956035785092E-4
		-55.985985985986	--	-55.985985985986	6.58344872843609E-4
		-56.1261261261261	--	-56.1261261261261	6.61777388006968E-4
		-56.2662662662663	--	-56.2662662662663	6.65254489031278E-4
		-56.4064064064064	--	-56.4064064064064	6.68777109816884E-4
		-56.5465465465465	--	-56.5465465465465	6.72346211374294E-4
		-56.6866866866867	--	-56.6866866866867	6.75962782833786E-4
		-56.8268268268268	--	-56.8268268268268	6.79627842501033E-4
		-56.966966966967	--	-56.966966966967	6.83342438961247E-4
		-57.1071071071071	--	-57.1071071071071	6.87107652234472E-4
		-57.2472472472472	--	-57.2472472472472	6.90924594984842E-4
		-57.3873873873874	--	-57.3873873873874	6.94794413786805E-4
		-57.5275275275275	--	-57.5275275275275	6.98718290451473E-4
		-57.6676676676677	--	-57.6676676676677	7.02697443416514E-4
		-57.8078078078078	--	-57.8078078078078	7.06733129203171E-4
		-57.9479479479479	--	-57.9479479479479	7.10826643944276E-4
		-58.0880880880881	--	-58.0880880880881	7.14979324987349E-4
		-58.2282282282282	--	-58.2282282282282	7.19192552577171E-4
		-58.3683683683684	--	-58.3683683683684	7.23467751622499E-4
		-58.5085085085085	--	-58.5085085085085	7.27806393551929E-4
		-58.6486486486486	--	-58.6486486486486	7.32209998264228E-4
		-58.7887887887888	--	-58.7887887887888	7.36680136178866E-4
		-58.9289289289289	--	-58.9289289289289	7.41218430392841E-4
		-59.0690690690691	--	-59.0690690690691	7.45826558950351E-4
		-59.2092092092092	--	-59.2092092092092	7.50506257232317E-4
		-59.3493493493494	--	-59.3493493493494	7.55259320473277E-4
		-59.4894894894895	--	-59.4894894894895	7.60087606413711E-4
		-59.6296296296296	--	-59.6296296296296	7.64993038096456E-4
		-59.7697697697698	--	-59.7697697697698	7.69977606816507E-4
		-59.9099099099099	--	-59.9099099099099	7.75043375234202E-4
		-60.05005005005	--	-60.05005005005	7.80192480662532E-4
		-60.1901901901902	--	-60.1901901901902	7.85427138540167E-4
		-60.3303303303303	--	-60.3303303303303	7.90749646102645E-4
		-60.4704704704705	--	-60.4704704704705	7.96162386265183E-4
		-60.6106106106106	--	-60.6106106106106	8.01667831731582E-4
		-60.7507507507508	--	-60.7507507507508	8.07268549344906E-4
		-60.8908908908909	--	-60.8908908908909	8.1296720469682E-4
		-61.031031031031	--	-61.031031031031	8.18766567013896E-4
		-61.1711711711712	--	-61.1711711711712	8.24669514340646E-4
		-61.3113113113113	--	-61.3113113113113	8.30679039040746E-4
		-61.4514514514514	--	-61.4514514514514	8.36798253639654E-4
		-61.5915915915916	--	-61.5915915915916	8.4303039703384E-4
		-61.7317317317317	--	-61.7317317317317	8.49378841093988E-4
		-61.8718718718719	--	-61.8718718718719	8.55847097691914E-4
		-62.012012012012	--	-62.012012012012	8.62438826183553E-4
		-62.1521521521522	--	-62.1521521521522	8.69157841383244E-4
		-62.2922922922923	--	-62.2922922922923	8.76008122067702E-4
		-62.4324324324324	--	-62.4324324324324	8.8299382005157E-4
		-62.5725725725726	--	-62.5725725725726	8.9011926988028E-4
		-62.7127127127127	--	-62.7127127127127	8.97388999190227E-4
		-62.8528528528529	--	-62.8528528528529	9.04807739790979E-4
		-62.992992992993	--	-62.992992992993	9.12380439529445E-4
		-63.1331331331331	--	-63.1331331331331	9.20112275001736E-4
		-63.2732732732733	--	-63.2732732732733	9.28008665184904E-4
		-63.4134134134134	--	-63.4134134134134	9.36075286067854E-4
		-63.5535535535536	--	-63.5535535535536	9.44318086368742E-4
		-63.6936936936937	--	-63.6936936936937	9.52743304435034E-4
		-63.8338338338338	--	-63.8338338338338	9.61357486432326E-4
		-63.973973973974	--	-63.973973973974	9.70167505939128E-4
		-64.1141141141141	--	-64.1141141141141	9.79180585077239E-4
		-64.2542542542542	--	-64.2542542542542	9.88404317321263E-4
		-64.3943943943944	--	-64.3943943943944	9.9784669214651E-4
		-64.5345345345345	--	-64.5345345345345	0.00100751612169207
		-64.6746746746747	--	-64.6746746746747	0.00101742146963579
		-64.8148148148148	--	-64.8148148148148	0.00102757208250017
		-64.954954954955	--	-64.954954954955	0.00103797782363364
		-65.0950950950951	--	-65.0950950950951	0.00104864911014026
		-65.2352352352352	--	-65.2352352352352	0.00105959695306361
		-65.3753753753754	--	-65.3753753753754	0.00107083300116738
		-65.5155155155155	--	-65.5155155155155	0.00108236958869762
		-65.6556556556557	--	-65.6556556556557	0.00109421978755961
		-65.7957957957958	--	-65.7957957957958	0.00110639746439728
		-65.9359359359359	--	-65.9359359359359	0.00111891734312631
		-66.0760760760761	--	-66.0760760760761	0.00113179507354446
		-66.2162162162162	--	-66.2162162162162	0.00114504730672609
		-66.3563563563564	--	-66.3563563563564	0.00115869177800411
		-66.4964964964965	--	-66.4964964964965	0.00117274739845385
		-66.6366366366366	--	-66.6366366366366	0.00118723435592261
		-66.7767767767768	--	-66.7767767767768	0.00120217422679868
		-66.9169169169169	--	-66.9169169169169	0.00121759009988844
		-67.0570570570571	--	-67.0570570570571	0.00123350671397499
		-67.1971971971972	--	-67.1971971971972	0.00124995061087125
		-67.3373373373373	--	-67.3373373373373	0.00126695030606245
		-67.4774774774775	--	-67.4774774774775	0.00128453647936552
		-67.6176176176176	--	-67.6176176176176	0.00130274218842615
		-67.7577577577578	--	-67.7577577577578	0.00132160310834134
		-67.8978978978979	--	-67.8978978978979	0.00134115780125172
		-68.038038038038	--	-68.038038038038	0.00136144802041293
		-68.1781781781782	--	-68.1781781781782	0.00138251905405382
		-68.3183183183183	--	-68.3183183183183	0.00140442011529104
		-68.4584584584585	--	-68.4584584584585	0.00142720478553312
		-68.5985985985986	--	-68.5985985985986	0.00145093152022126
		-68.7387387387387	--	-68.7387387387387	0.00147566422747943
		-68.8788788788789	--	-68.8788788788789	0.00150147293236265
		-69.019019019019	--	-69.019019019019	0.00152843454199973
		-69.1591591591592	--	-69.1591591591592	0.0015566337301573
		-69.2992992992993	--	-69.2992992992993	0.00158616396377447
		-69.4394394394394	--	-69.4394394394394	0.00161712869905756
		-69.5795795795796	--	-69.5795795795796	0.00164964278107478
		-69.7197197197197	--	-69.7197197197197	0.00168383408884566
		-69.8598598598599	--	-69.8598598598599	0.00171984547820453
		-70	--	-70	0.00175783708794381
